
Sat Sep 12 10:57:42 EDT 2015
numactl --interleave=all ../testing/testing_chemv -L -N 123 -N 1234 --range 10:90:1 --range 100:900:10 --range 1000:9000:100 --range 10000:20000:2000 --lapack
% MAGMA 1.7.0  compiled for CUDA capability >= 3.5, 32-bit magma_int_t, 64-bit pointer.
% CUDA runtime 7000, driver 7000. OpenMP threads 16. MKL 11.2.2, MKL threads 16. 
% device 0: Tesla K40c, 745.0 MHz clock, 11519.6 MB memory, capability 3.5
% device 1: Tesla K40c, 745.0 MHz clock, 11519.6 MB memory, capability 3.5
% device 2: Tesla K40c, 745.0 MHz clock, 11519.6 MB memory, capability 3.5
% Sat Sep 12 10:57:48 2015
% Usage: ../testing/testing_chemv [options] [-h|--help]

% uplo = Lower
%   N   MAGMA Gflop/s (ms)    Atomics Gflop/s      CUBLAS Gflop/s       CPU Gflop/s   MAGMA error  Atomics    CUBLAS
%=====================================================================================================================
  123      2.19 (   0.06)      2.45 (   0.05)      1.73 (   0.07)      1.66 (   0.07)   3.92e-07   3.10e-07   3.10e-07   ok
 1234     59.55 (   0.20)     95.27 (   0.13)     33.33 (   0.37)     14.12 (   0.86)   1.48e-06   1.72e-06   1.84e-06   failed
   10      0.02 (   0.04)      0.03 (   0.03)      0.03 (   0.03)      0.43 (   0.00)   2.13e-07   2.13e-07   2.70e-07   ok
   11      0.03 (   0.04)      0.04 (   0.03)      0.04 (   0.03)      0.58 (   0.00)   1.94e-07   1.85e-07   1.23e-07   ok
   12      0.03 (   0.04)      0.04 (   0.03)      0.05 (   0.03)      0.45 (   0.00)   1.12e-07   1.12e-07   1.12e-07   ok
   13      0.04 (   0.04)      0.04 (   0.03)      0.06 (   0.03)      0.79 (   0.00)   1.64e-07   2.07e-07   1.64e-07   ok
   14      0.05 (   0.04)      0.06 (   0.03)      0.06 (   0.03)      0.91 (   0.00)   2.81e-07   2.46e-07   2.81e-07   ok
   15      0.05 (   0.04)      0.07 (   0.03)      0.07 (   0.03)      0.92 (   0.00)   1.42e-07   1.80e-07   2.84e-07   ok
   16      0.06 (   0.04)      0.07 (   0.03)      0.08 (   0.03)      1.17 (   0.00)   1.69e-07   1.69e-07   1.69e-07   ok
   17      0.06 (   0.04)      0.08 (   0.03)      0.08 (   0.03)      1.32 (   0.00)   1.59e-07   2.51e-07   1.59e-07   ok
   18      0.07 (   0.04)      0.09 (   0.03)      0.09 (   0.03)      1.31 (   0.00)   2.14e-07   2.18e-07   2.18e-07   ok
   19      0.08 (   0.04)      0.10 (   0.03)      0.10 (   0.03)      1.01 (   0.00)   2.04e-07   2.01e-07   1.25e-07   ok
   20      0.08 (   0.04)      0.11 (   0.03)      0.12 (   0.03)      1.80 (   0.00)   1.97e-07   2.13e-07   1.97e-07   ok
   21      0.10 (   0.04)      0.13 (   0.03)      0.13 (   0.03)      1.32 (   0.00)   2.03e-07   2.57e-07   2.57e-07   ok
   22      0.11 (   0.04)      0.14 (   0.03)      0.14 (   0.03)      1.33 (   0.00)   1.94e-07   2.33e-07   1.94e-07   ok
   23      0.12 (   0.04)      0.14 (   0.03)      0.15 (   0.03)      1.58 (   0.00)   1.71e-07   1.67e-07   2.49e-07   ok
   24      0.13 (   0.04)      0.16 (   0.03)      0.17 (   0.03)      1.71 (   0.00)   1.64e-07   2.44e-07   1.87e-07   ok
   25      0.14 (   0.04)      0.18 (   0.03)      0.18 (   0.03)      1.71 (   0.00)   2.56e-07   2.29e-07   2.16e-07   ok
   26      0.15 (   0.04)      0.19 (   0.03)      0.19 (   0.03)      1.41 (   0.00)   1.64e-07   1.55e-07   1.64e-07   ok
   27      0.16 (   0.04)      0.21 (   0.03)      0.21 (   0.03)      1.52 (   0.00)   2.15e-07   1.58e-07   2.23e-07   ok
   28      0.17 (   0.04)      0.21 (   0.03)      0.22 (   0.03)      2.13 (   0.00)   2.15e-07   2.46e-07   1.52e-07   ok
   29      0.18 (   0.04)      0.23 (   0.03)      0.23 (   0.03)      1.85 (   0.00)   2.94e-07   2.71e-07   2.21e-07   ok
   30      0.19 (   0.04)      0.24 (   0.03)      0.24 (   0.03)      1.98 (   0.00)   2.29e-07   2.29e-07   2.62e-07   ok
   31      0.21 (   0.04)      0.26 (   0.03)      0.26 (   0.03)      1.99 (   0.00)   1.54e-07   2.54e-07   1.54e-07   ok
   32      0.21 (   0.04)      0.28 (   0.03)      0.28 (   0.03)      2.12 (   0.00)   1.33e-07   2.46e-07   1.49e-07   ok
   33      0.23 (   0.04)      0.24 (   0.04)      0.28 (   0.03)      2.39 (   0.00)   2.55e-07   2.33e-07   2.08e-07   ok
   34      0.24 (   0.04)      0.26 (   0.04)      0.30 (   0.03)      1.93 (   0.01)   2.80e-07   2.31e-07   3.17e-07   ok
   35      0.26 (   0.04)      0.26 (   0.04)      0.32 (   0.03)      2.04 (   0.01)   2.25e-07   2.44e-07   2.44e-07   ok
   36      0.27 (   0.04)      0.29 (   0.04)      0.34 (   0.03)      3.77 (   0.00)   3.35e-07   2.37e-07   2.37e-07   ok
   37      0.28 (   0.04)      0.31 (   0.04)      0.37 (   0.03)      2.99 (   0.00)   2.31e-07   3.26e-07   2.13e-07   ok
   38      0.31 (   0.04)      0.33 (   0.04)      0.39 (   0.03)      3.15 (   0.00)   3.62e-07   3.17e-07   3.05e-07   ok
   39      0.33 (   0.04)      0.35 (   0.04)      0.38 (   0.03)      2.52 (   0.01)   2.19e-07   2.19e-07   1.96e-07   ok
   40      0.32 (   0.04)      0.37 (   0.04)      0.41 (   0.03)      3.28 (   0.00)   2.90e-07   3.02e-07   2.90e-07   ok
   41      0.35 (   0.04)      0.38 (   0.04)      0.44 (   0.03)      2.78 (   0.01)   3.12e-07   2.83e-07   2.83e-07   ok
   42      0.35 (   0.04)      0.39 (   0.04)      0.46 (   0.03)      3.61 (   0.00)   2.76e-07   2.72e-07   1.87e-07   ok
   43      0.38 (   0.04)      0.41 (   0.04)      0.49 (   0.03)      3.78 (   0.00)   2.81e-07   2.81e-07   2.88e-07   ok
   44      0.40 (   0.04)      0.43 (   0.04)      0.50 (   0.03)      3.20 (   0.01)   2.82e-07   2.68e-07   1.94e-07   ok
   45      0.40 (   0.04)      0.45 (   0.04)      0.51 (   0.03)      3.34 (   0.01)   3.42e-07   2.62e-07   2.12e-07   ok
   46      0.43 (   0.04)      0.47 (   0.04)      0.55 (   0.03)      2.93 (   0.01)   2.52e-07   2.62e-07   3.52e-07   ok
   47      0.46 (   0.04)      0.51 (   0.04)      0.57 (   0.03)      3.06 (   0.01)   2.19e-07   2.47e-07   2.72e-07   ok
   48      0.47 (   0.04)      0.53 (   0.04)      0.50 (   0.04)      3.80 (   0.01)   2.87e-07   3.55e-07   2.87e-07   ok
   49      0.49 (   0.04)      0.55 (   0.04)      0.60 (   0.03)      3.19 (   0.01)   2.81e-07   2.34e-07   2.37e-07   ok
   50      0.51 (   0.04)      0.56 (   0.04)      0.56 (   0.04)      3.32 (   0.01)   3.08e-07   2.75e-07   2.44e-07   ok
   51      0.52 (   0.04)      0.61 (   0.04)      0.63 (   0.03)      3.59 (   0.01)   3.74e-07   2.72e-07   2.70e-07   ok
   52      0.57 (   0.04)      0.62 (   0.04)      0.60 (   0.04)      3.73 (   0.01)   2.75e-07   2.23e-07   1.83e-07   ok
   53      0.59 (   0.04)      0.64 (   0.04)      0.68 (   0.03)      3.73 (   0.01)   2.62e-07   3.62e-07   3.62e-07   ok
   54      0.60 (   0.04)      0.65 (   0.04)      0.57 (   0.04)      4.02 (   0.01)   3.53e-07   3.00e-07   3.16e-07   ok
   55      0.62 (   0.04)      0.67 (   0.04)      0.75 (   0.03)      4.01 (   0.01)   2.54e-07   3.47e-07   2.50e-07   ok
   56      0.63 (   0.04)      0.66 (   0.04)      0.76 (   0.03)      4.32 (   0.01)   2.91e-07   2.07e-07   2.91e-07   ok
   57      0.65 (   0.04)      0.70 (   0.04)      0.78 (   0.03)      3.86 (   0.01)   2.24e-07   2.70e-07   2.70e-07   ok
   58      0.64 (   0.04)      0.73 (   0.04)      0.79 (   0.04)      3.51 (   0.01)   2.71e-07   2.71e-07   2.37e-07   ok
   59      0.68 (   0.04)      0.75 (   0.04)      0.84 (   0.03)      4.13 (   0.01)   2.74e-07   3.77e-07   4.34e-07   ok
   60      0.70 (   0.04)      0.76 (   0.04)      0.84 (   0.04)      4.13 (   0.01)   2.62e-07   2.62e-07   2.72e-07   ok
   61      0.71 (   0.04)      0.78 (   0.04)      0.89 (   0.03)      4.26 (   0.01)   2.50e-07   2.52e-07   2.25e-07   ok
   62      0.73 (   0.04)      0.81 (   0.04)      0.93 (   0.03)      4.00 (   0.01)   2.75e-07   2.54e-07   2.75e-07   ok
   63      0.76 (   0.04)      0.84 (   0.04)      0.95 (   0.03)      4.70 (   0.01)   2.71e-07   2.71e-07   3.03e-07   ok
   64      0.86 (   0.04)      0.91 (   0.04)      1.02 (   0.03)      4.69 (   0.01)   4.00e-07   3.77e-07   3.63e-07   ok
   65      0.79 (   0.04)      0.88 (   0.04)      0.94 (   0.04)      4.27 (   0.01)   3.16e-07   2.42e-07   2.93e-07   ok
   66      0.76 (   0.05)      0.93 (   0.04)      0.93 (   0.04)      5.15 (   0.01)   4.62e-07   3.66e-07   2.89e-07   ok
   67      0.80 (   0.05)      0.92 (   0.04)      0.99 (   0.04)      5.31 (   0.01)   3.42e-07   3.43e-07   3.43e-07   ok
   68      0.86 (   0.04)      0.95 (   0.04)      1.02 (   0.04)      5.29 (   0.01)   4.52e-07   3.55e-07   2.80e-07   ok
   69      0.83 (   0.05)      0.97 (   0.04)      1.03 (   0.04)      4.80 (   0.01)   2.76e-07   2.47e-07   3.36e-07   ok
   70      0.85 (   0.05)      1.02 (   0.04)      1.08 (   0.04)      5.09 (   0.01)   4.39e-07   4.49e-07   4.39e-07   ok
   71      0.93 (   0.04)      0.93 (   0.04)      1.11 (   0.04)      5.23 (   0.01)   6.65e-07   7.60e-07   7.99e-07   ok
   72      0.97 (   0.04)      1.12 (   0.04)      1.18 (   0.04)      5.22 (   0.01)   3.18e-07   3.28e-07   3.18e-07   ok
   73      0.85 (   0.05)      1.15 (   0.04)      1.24 (   0.04)      4.80 (   0.01)   3.77e-07   3.30e-07   3.30e-07   ok
   74      1.01 (   0.04)      1.18 (   0.04)      1.24 (   0.04)      5.51 (   0.01)   3.26e-07   3.14e-07   3.46e-07   ok
   75      1.04 (   0.04)      1.17 (   0.04)      1.27 (   0.04)      4.58 (   0.01)   3.22e-07   3.05e-07   3.26e-07   ok
   76      1.05 (   0.04)      1.21 (   0.04)      1.31 (   0.04)      5.81 (   0.01)   4.14e-07   3.05e-07   3.17e-07   ok
   77      0.97 (   0.05)      1.24 (   0.04)      1.31 (   0.04)      5.97 (   0.01)   4.03e-07   3.99e-07   3.22e-07   ok
   78      1.06 (   0.05)      1.28 (   0.04)      1.38 (   0.04)      5.48 (   0.01)   3.09e-07   4.18e-07   3.28e-07   ok
   79      1.11 (   0.05)      1.30 (   0.04)      1.37 (   0.04)      5.08 (   0.01)   3.05e-07   3.98e-07   3.24e-07   ok
   80      1.13 (   0.05)      1.30 (   0.04)      1.41 (   0.04)      5.76 (   0.01)   2.90e-07   3.81e-07   3.44e-07   ok
   81      1.12 (   0.05)      1.38 (   0.04)      1.38 (   0.04)      5.90 (   0.01)   3.16e-07   3.40e-07   3.16e-07   ok
   82      1.19 (   0.05)      1.34 (   0.04)      1.37 (   0.04)      4.99 (   0.01)   3.75e-07   3.97e-07   3.72e-07   ok
   83      1.17 (   0.05)      1.41 (   0.04)      1.40 (   0.04)      6.19 (   0.01)   4.11e-07   4.11e-07   4.69e-07   ok
   84      1.22 (   0.05)      1.44 (   0.04)      1.47 (   0.04)      6.51 (   0.01)   3.74e-07   2.87e-07   3.27e-07   ok
   85      1.28 (   0.05)      1.43 (   0.04)      1.50 (   0.04)      5.87 (   0.01)   4.23e-07   2.84e-07   2.69e-07   ok
   86      1.34 (   0.05)      1.54 (   0.04)      1.54 (   0.04)      6.01 (   0.01)   2.66e-07   2.74e-07   3.58e-07   ok
   87      1.37 (   0.05)      1.54 (   0.04)      1.58 (   0.04)      6.30 (   0.01)   3.62e-07   3.51e-07   2.77e-07   ok
   88      1.40 (   0.05)      1.62 (   0.04)      1.66 (   0.04)      6.95 (   0.01)   3.47e-07   4.36e-07   3.57e-07   ok
   89      1.29 (   0.05)      1.57 (   0.04)      1.66 (   0.04)      6.43 (   0.01)   2.71e-07   3.53e-07   3.46e-07   ok
   90      1.34 (   0.05)      1.57 (   0.04)      1.68 (   0.04)      4.76 (   0.01)   5.09e-07   3.42e-07   4.24e-07   ok
  100      1.69 (   0.05)      1.98 (   0.04)      2.03 (   0.04)      7.40 (   0.01)   2.41e-07   2.41e-07   2.16e-07   ok
  110      2.05 (   0.05)      2.34 (   0.04)      2.34 (   0.04)      7.48 (   0.01)   4.39e-07   3.47e-07   3.92e-07   ok
  120      2.33 (   0.05)      2.70 (   0.04)      2.70 (   0.04)      7.77 (   0.02)   4.26e-07   2.72e-07   2.84e-07   ok
  130      2.28 (   0.06)      3.24 (   0.04)      2.99 (   0.05)      7.65 (   0.02)   4.84e-07   5.01e-07   4.84e-07   ok
  140      2.88 (   0.06)      3.67 (   0.04)      3.46 (   0.05)      8.75 (   0.02)   4.39e-07   4.36e-07   5.45e-07   ok
  150      3.50 (   0.05)      4.12 (   0.04)      3.87 (   0.05)      9.08 (   0.02)   5.48e-07   6.12e-07   5.31e-07   ok
  160      3.75 (   0.06)      4.79 (   0.04)      4.23 (   0.05)      9.42 (   0.02)   4.98e-07   4.05e-07   4.77e-07   ok
  170      4.23 (   0.06)      5.18 (   0.05)      4.75 (   0.05)      8.98 (   0.03)   5.46e-07   6.35e-07   5.46e-07   ok
  180      4.75 (   0.06)      5.80 (   0.05)      5.03 (   0.05)     10.44 (   0.03)   5.36e-07   6.17e-07   5.24e-07   ok
  190      5.02 (   0.06)      6.20 (   0.05)      5.60 (   0.05)     10.01 (   0.03)   5.68e-07   4.89e-07   5.64e-07   ok
  200      5.56 (   0.06)      7.01 (   0.05)      6.09 (   0.05)     10.40 (   0.03)   6.15e-07   6.88e-07   5.35e-07   ok
  210      5.94 (   0.06)      7.57 (   0.05)      6.45 (   0.06)     10.42 (   0.03)   5.09e-07   4.11e-07   4.36e-07   ok
  220      6.39 (   0.06)      7.94 (   0.05)      6.96 (   0.06)     10.55 (   0.04)   6.33e-07   5.93e-07   5.81e-07   ok
  230      7.01 (   0.06)      8.72 (   0.05)      7.32 (   0.06)     10.96 (   0.04)   5.47e-07   6.77e-07   5.47e-07   ok
  240      7.48 (   0.06)      9.63 (   0.05)      8.28 (   0.06)     11.31 (   0.04)   5.55e-07   6.74e-07   5.55e-07   ok
  250      7.99 (   0.06)     10.05 (   0.05)      8.37 (   0.06)     10.93 (   0.05)   7.32e-07   6.13e-07   6.10e-07   ok
  260      8.12 (   0.07)     10.66 (   0.05)      8.77 (   0.06)     11.35 (   0.05)   8.24e-07   5.98e-07   8.30e-07   ok
  270      8.88 (   0.07)     11.71 (   0.05)      9.61 (   0.06)     11.49 (   0.05)   6.09e-07   8.09e-07   7.15e-07   ok
  280      9.28 (   0.07)     12.36 (   0.05)      9.87 (   0.06)     11.91 (   0.05)   5.69e-07   6.63e-07   6.74e-07   ok
  290      9.81 (   0.07)     12.72 (   0.05)     10.24 (   0.07)     11.67 (   0.06)   8.01e-07   8.44e-07   7.31e-07   ok
  300     10.47 (   0.07)     14.18 (   0.05)     11.12 (   0.07)     11.86 (   0.06)   8.15e-07   8.28e-07   8.28e-07   ok
  310     11.17 (   0.07)     14.53 (   0.05)     11.37 (   0.07)     11.70 (   0.07)   7.50e-07   7.94e-07   8.47e-07   ok
  320     12.51 (   0.07)     16.44 (   0.05)     12.11 (   0.07)     11.28 (   0.07)   7.64e-07   7.64e-07   6.69e-07   ok
  330     11.84 (   0.07)     15.89 (   0.06)     12.49 (   0.07)     11.96 (   0.07)   7.63e-07   7.75e-07   8.53e-07   ok
  340     12.57 (   0.07)     16.94 (   0.05)     12.73 (   0.07)     12.41 (   0.07)   9.91e-07   8.09e-07   8.09e-07   ok
  350     13.10 (   0.08)     17.87 (   0.06)     13.67 (   0.07)     12.14 (   0.08)   7.45e-07   8.27e-07   7.03e-07   ok
  360     13.86 (   0.08)     18.58 (   0.06)     13.91 (   0.07)     12.55 (   0.08)   9.13e-07   7.58e-07   7.82e-07   ok
  370     13.89 (   0.08)     19.30 (   0.06)     14.10 (   0.08)     12.23 (   0.09)   6.91e-07   7.05e-07   7.70e-07   ok
  380     15.30 (   0.08)     19.61 (   0.06)     15.30 (   0.08)     12.73 (   0.09)   1.22e-06   8.04e-07   8.83e-07   ok
  390     15.07 (   0.08)     21.44 (   0.06)     15.48 (   0.08)     11.75 (   0.10)   1.02e-06   8.75e-07   8.75e-07   ok
  400     15.85 (   0.08)     22.93 (   0.06)     16.48 (   0.08)     12.99 (   0.10)   9.92e-07   8.53e-07   8.39e-07   ok
  410     16.46 (   0.08)     22.83 (   0.06)     16.65 (   0.08)     12.50 (   0.11)   8.22e-07   8.93e-07   8.22e-07   ok
  420     16.64 (   0.09)     23.20 (   0.06)     16.88 (   0.08)     12.64 (   0.11)   6.70e-07   7.41e-07   6.89e-07   ok
  430     17.49 (   0.08)     22.16 (   0.07)     17.64 (   0.08)     12.78 (   0.12)   8.70e-07   9.99e-07   9.23e-07   ok
  440     18.26 (   0.09)     25.07 (   0.06)     18.11 (   0.09)     12.23 (   0.13)   8.69e-07   8.09e-07   8.12e-07   ok
  450     18.04 (   0.09)     25.44 (   0.06)     18.28 (   0.09)     12.79 (   0.13)   8.92e-07   7.58e-07   7.53e-07   ok
  460     19.30 (   0.09)     26.88 (   0.06)     19.10 (   0.09)     13.05 (   0.13)   1.01e-06   8.31e-07   8.68e-07   ok
  470     19.88 (   0.09)     27.64 (   0.06)     19.72 (   0.09)     12.95 (   0.14)   7.93e-07   8.60e-07   8.47e-07   ok
  480     21.02 (   0.09)     29.83 (   0.06)     20.57 (   0.09)     13.19 (   0.14)   8.04e-07   8.65e-07   9.26e-07   ok
  490     21.15 (   0.09)     28.76 (   0.07)     20.51 (   0.09)     12.93 (   0.15)   1.07e-06   9.26e-07   9.34e-07   ok
  500     22.03 (   0.09)     29.94 (   0.07)     20.93 (   0.10)     13.13 (   0.15)   8.54e-07   7.55e-07   7.55e-07   ok
  510     22.97 (   0.09)     30.71 (   0.07)     21.72 (   0.10)     12.72 (   0.16)   9.81e-07   9.59e-07   9.81e-07   ok
  520     23.04 (   0.09)     31.93 (   0.07)     22.36 (   0.10)     12.53 (   0.17)   1.00e-06   9.46e-07   9.46e-07   ok
  530     23.00 (   0.10)     32.26 (   0.07)     22.56 (   0.10)     12.97 (   0.17)   9.50e-07   1.05e-06   1.05e-06   ok
  540     24.17 (   0.10)     33.95 (   0.07)     23.14 (   0.10)     13.06 (   0.18)   1.29e-06   9.72e-07   1.24e-06   ok
  550     24.06 (   0.10)     34.62 (   0.07)     24.00 (   0.10)     12.97 (   0.19)   1.32e-06   1.14e-06   1.24e-06   ok
  560     25.12 (   0.10)     36.38 (   0.07)     24.42 (   0.10)     13.37 (   0.19)   1.42e-06   1.32e-06   1.31e-06   ok
  570     25.60 (   0.10)     36.68 (   0.07)     24.62 (   0.11)     12.95 (   0.20)   1.39e-06   1.50e-06   1.28e-06   ok
  580     25.72 (   0.10)     36.86 (   0.07)     25.20 (   0.11)     13.42 (   0.20)   9.60e-07   8.68e-07   9.60e-07   ok
  590     25.85 (   0.11)     37.65 (   0.07)     24.70 (   0.11)     13.29 (   0.21)   1.35e-06   1.45e-06   1.27e-06   ok
  600     26.50 (   0.11)     38.57 (   0.07)     26.21 (   0.11)     13.23 (   0.22)   1.13e-06   1.17e-06   1.12e-06   ok
  610     26.41 (   0.11)     39.24 (   0.08)     26.18 (   0.11)     13.15 (   0.23)   1.10e-06   1.12e-06   1.12e-06   ok
  620     27.28 (   0.11)     40.03 (   0.08)     27.05 (   0.11)     13.34 (   0.23)   1.35e-06   1.21e-06   1.12e-06   ok
  630     28.16 (   0.11)     40.82 (   0.08)     27.19 (   0.12)     12.94 (   0.25)   8.12e-07   8.93e-07   8.93e-07   ok
  640     30.08 (   0.11)     42.65 (   0.08)     28.06 (   0.12)     13.40 (   0.25)   1.17e-06   1.30e-06   1.17e-06   ok
  650     29.18 (   0.12)     43.45 (   0.08)     28.03 (   0.12)     13.28 (   0.26)   1.17e-06   1.07e-06   1.05e-06   ok
  660     29.12 (   0.12)     42.59 (   0.08)     27.96 (   0.12)     13.33 (   0.26)   1.30e-06   1.21e-06   1.32e-06   ok
  670     30.19 (   0.12)     44.53 (   0.08)     29.26 (   0.12)     13.05 (   0.28)   1.48e-06   1.39e-06   1.56e-06   ok
  680     30.91 (   0.12)     44.68 (   0.08)     29.39 (   0.13)     13.44 (   0.28)   1.21e-06   1.27e-06   1.26e-06   ok
  690     30.79 (   0.12)     45.48 (   0.08)     28.49 (   0.13)     13.40 (   0.28)   1.24e-06   1.16e-06   1.24e-06   ok
  700     31.93 (   0.12)     46.68 (   0.08)     30.68 (   0.13)     13.64 (   0.29)   1.35e-06   1.21e-06   1.28e-06   ok
  710     32.10 (   0.13)     48.15 (   0.08)     30.88 (   0.13)     13.17 (   0.31)   1.25e-06   1.22e-06   1.13e-06   ok
  720     32.46 (   0.13)     48.28 (   0.09)     31.69 (   0.13)     13.59 (   0.31)   1.78e-06   1.54e-06   1.53e-06   ok
  730     32.64 (   0.13)     49.09 (   0.09)     31.66 (   0.13)     13.15 (   0.32)   1.78e-06   1.85e-06   1.93e-06   failed
  740     33.54 (   0.13)     49.90 (   0.09)     31.85 (   0.14)     13.60 (   0.32)   1.41e-06   1.33e-06   1.41e-06   ok
  750     34.45 (   0.13)     50.57 (   0.09)     31.79 (   0.14)     13.19 (   0.34)   1.06e-06   1.22e-06   1.17e-06   ok
  760     35.12 (   0.13)     52.06 (   0.09)     33.08 (   0.14)     13.35 (   0.35)   1.54e-06   1.72e-06   1.71e-06   ok
  770     34.91 (   0.14)     52.73 (   0.09)     33.00 (   0.14)     13.31 (   0.36)   1.04e-06   1.04e-06   1.11e-06   ok
  780     36.39 (   0.13)     54.84 (   0.09)     34.32 (   0.14)     13.39 (   0.36)   1.12e-06   1.28e-06   1.18e-06   ok
  790     36.74 (   0.14)     54.36 (   0.09)     34.28 (   0.15)     13.30 (   0.38)   1.52e-06   1.35e-06   1.42e-06   ok
  800     37.16 (   0.14)     56.92 (   0.09)     35.10 (   0.15)     13.61 (   0.38)   1.38e-06   1.30e-06   1.30e-06   ok
  810     37.83 (   0.14)     56.55 (   0.09)     35.75 (   0.15)     13.49 (   0.39)   1.30e-06   1.36e-06   1.23e-06   ok
  820     37.99 (   0.14)     57.37 (   0.09)     35.94 (   0.15)     13.44 (   0.40)   1.16e-06   1.15e-06   1.36e-06   ok
  830     39.18 (   0.14)     58.04 (   0.10)     36.58 (   0.15)     13.50 (   0.41)   1.28e-06   1.11e-06   1.12e-06   ok
  840     39.27 (   0.14)     59.59 (   0.09)     36.72 (   0.15)     13.63 (   0.41)   1.38e-06   1.38e-06   1.45e-06   ok
  850     39.43 (   0.15)     60.26 (   0.10)     37.08 (   0.16)     13.56 (   0.43)   1.01e-06   1.08e-06   1.08e-06   ok
  860     40.62 (   0.15)     61.08 (   0.10)     38.01 (   0.16)     13.56 (   0.44)   1.21e-06   1.07e-06   1.07e-06   ok
  870     40.97 (   0.15)     63.13 (   0.10)     38.66 (   0.16)     13.54 (   0.45)   1.19e-06   1.47e-06   1.12e-06   ok
  880     41.91 (   0.15)     63.95 (   0.10)     39.26 (   0.16)     13.55 (   0.46)   1.32e-06   1.18e-06   1.26e-06   ok
  890     42.33 (   0.15)     63.54 (   0.10)     39.38 (   0.16)     13.59 (   0.47)   1.24e-06   1.15e-06   1.26e-06   ok
  900     42.14 (   0.15)     64.82 (   0.10)     39.57 (   0.16)     13.61 (   0.48)   1.43e-06   1.32e-06   1.38e-06   ok
 1000     48.56 (   0.16)     73.53 (   0.11)     44.28 (   0.18)     13.65 (   0.59)   1.26e-06   1.39e-06   1.43e-06   ok
 1100     53.01 (   0.18)     82.80 (   0.12)     30.00 (   0.32)     13.85 (   0.70)   1.62e-06   1.48e-06   1.48e-06   ok
 1200     58.57 (   0.20)     91.63 (   0.13)     33.05 (   0.35)     13.78 (   0.84)   1.53e-06   1.53e-06   1.43e-06   ok
 1300     62.39 (   0.22)    100.30 (   0.13)     34.08 (   0.40)     14.13 (   0.96)   2.10e-06   2.18e-06   2.00e-06   failed
 1400     70.34 (   0.22)    111.40 (   0.14)     37.73 (   0.42)     14.16 (   1.11)   2.37e-06   2.09e-06   2.06e-06   failed
 1500     73.51 (   0.25)    117.90 (   0.15)     40.22 (   0.45)     14.09 (   1.28)   2.01e-06   1.73e-06   1.73e-06   failed
 1600     78.88 (   0.26)    124.25 (   0.16)     42.09 (   0.49)     13.70 (   1.50)   1.84e-06   1.98e-06   1.99e-06   failed
 1700     83.53 (   0.28)    131.51 (   0.18)     44.06 (   0.53)     12.64 (   1.83)   1.90e-06   2.09e-06   1.89e-06   failed
 1800     89.19 (   0.29)    138.08 (   0.19)     46.50 (   0.56)     12.02 (   2.16)   2.27e-06   2.32e-06   2.04e-06   failed
 1900     93.54 (   0.31)    148.20 (   0.20)     49.14 (   0.59)     11.78 (   2.45)   2.27e-06   2.08e-06   1.94e-06   failed
 2000     98.26 (   0.33)    151.09 (   0.21)     51.40 (   0.62)     11.57 (   2.77)   2.41e-06   2.20e-06   2.12e-06   failed
 2100    100.87 (   0.35)    156.37 (   0.23)     38.58 (   0.92)     11.53 (   3.06)   2.33e-06   2.47e-06   2.35e-06   failed
 2200    108.85 (   0.36)    164.82 (   0.24)     40.74 (   0.95)     11.62 (   3.33)   2.41e-06   2.62e-06   2.43e-06   failed
 2300    114.08 (   0.37)    172.11 (   0.25)     42.18 (   1.00)     11.70 (   3.62)   2.65e-06   2.50e-06   2.51e-06   failed
 2400    119.45 (   0.39)    182.97 (   0.25)     44.08 (   1.05)     11.57 (   3.99)   2.51e-06   2.74e-06   2.65e-06   failed
 2500    122.36 (   0.41)    188.88 (   0.26)     45.82 (   1.09)     11.65 (   4.29)   2.87e-06   2.60e-06   2.67e-06   failed
 2600    126.16 (   0.43)    191.85 (   0.28)     46.93 (   1.15)     11.71 (   4.62)   2.64e-06   2.72e-06   2.92e-06   failed
 2700    132.65 (   0.44)    201.11 (   0.29)     49.16 (   1.19)     11.65 (   5.01)   2.82e-06   2.94e-06   2.94e-06   failed
 2800    135.53 (   0.46)    204.35 (   0.31)     50.61 (   1.24)     11.74 (   5.35)   2.73e-06   2.55e-06   2.65e-06   failed
 2900    140.82 (   0.48)    208.98 (   0.32)     52.27 (   1.29)     11.69 (   5.76)   2.62e-06   2.53e-06   2.64e-06   failed
 3000    143.81 (   0.50)    213.08 (   0.34)     53.52 (   1.35)     11.71 (   6.15)   3.28e-06   2.94e-06   3.15e-06   failed
 3100    149.08 (   0.52)    219.02 (   0.35)     43.28 (   1.78)     11.63 (   6.61)   2.84e-06   2.84e-06   2.68e-06   failed
 3200    152.65 (   0.54)    234.17 (   0.35)     45.03 (   1.82)     11.71 (   7.00)   2.50e-06   2.83e-06   2.78e-06   failed
 3300    159.08 (   0.55)    232.55 (   0.37)     46.39 (   1.88)     11.80 (   7.39)   3.05e-06   2.75e-06   2.67e-06   failed
 3400    161.69 (   0.57)    239.69 (   0.39)     47.50 (   1.95)     11.85 (   7.80)   3.29e-06   3.45e-06   2.89e-06   failed
 3500    165.61 (   0.59)    246.83 (   0.40)     48.75 (   2.01)     11.80 (   8.31)   2.75e-06   2.74e-06   2.74e-06   failed
 3600    172.02 (   0.60)    253.08 (   0.41)     50.18 (   2.07)     16.34 (   6.35)   2.92e-06   3.01e-06   2.83e-06   failed
 3700    173.68 (   0.63)    257.16 (   0.43)     51.24 (   2.14)     17.70 (   6.19)   2.64e-06   2.66e-06   2.78e-06   failed
 3800    178.86 (   0.65)    260.32 (   0.44)     52.53 (   2.20)     17.85 (   6.47)   2.87e-06   3.09e-06   2.99e-06   failed
 3900    178.21 (   0.68)    261.83 (   0.46)     54.10 (   2.25)     17.88 (   6.81)   3.52e-06   3.90e-06   3.41e-06   failed
 4000    176.90 (   0.72)    264.57 (   0.48)     54.84 (   2.33)     17.49 (   7.32)   3.26e-06   3.19e-06   3.56e-06   failed
 4100    176.55 (   0.76)    267.42 (   0.50)     46.36 (   2.90)     17.89 (   7.52)   3.35e-06   3.85e-06   3.39e-06   failed
 4200    177.54 (   0.80)    263.86 (   0.54)     47.32 (   2.98)     17.92 (   7.88)   3.97e-06   3.47e-06   3.69e-06   failed
 4300    179.58 (   0.82)    266.60 (   0.56)     48.74 (   3.04)     17.92 (   8.26)   3.72e-06   4.09e-06   3.63e-06   failed
 4400    181.62 (   0.85)    264.81 (   0.59)     49.48 (   3.13)     17.94 (   8.64)   3.89e-06   4.00e-06   3.89e-06   failed
 4500    182.47 (   0.89)    260.92 (   0.62)     50.27 (   3.22)     11.88 (  13.64)   3.50e-06   3.78e-06   3.95e-06   failed
 4600    183.67 (   0.92)    257.71 (   0.66)     50.97 (   3.32)     11.87 (  14.27)   3.67e-06   4.01e-06   3.72e-06   failed
 4700    184.72 (   0.96)    259.89 (   0.68)     52.52 (   3.37)     11.92 (  14.83)   3.25e-06   3.96e-06   3.71e-06   failed
 4800    187.38 (   0.98)    264.12 (   0.70)     53.26 (   3.46)     11.86 (  15.54)   3.40e-06   3.51e-06   3.35e-06   failed
 4900    185.09 (   1.04)    257.55 (   0.75)     54.26 (   3.54)     17.92 (  10.72)   3.81e-06   3.63e-06   3.41e-06   failed
 5000    188.73 (   1.06)    260.19 (   0.77)     54.69 (   3.66)     17.95 (  11.14)   3.82e-06   3.93e-06   3.72e-06   failed
 5100    190.45 (   1.09)    262.16 (   0.79)     55.95 (   3.72)     17.73 (  11.74)   4.54e-06   4.33e-06   4.23e-06   failed
 5200    192.36 (   1.12)    262.91 (   0.82)     49.08 (   4.41)     17.85 (  12.12)   4.56e-06   3.60e-06   3.86e-06   failed
 5300    193.60 (   1.16)    262.91 (   0.85)     49.76 (   4.52)     17.83 (  12.61)   4.35e-06   4.20e-06   3.78e-06   failed
 5400    193.16 (   1.21)    266.39 (   0.88)     50.60 (   4.61)     17.84 (  13.08)   4.37e-06   4.19e-06   4.18e-06   failed
 5500    194.28 (   1.25)    264.26 (   0.92)     51.45 (   4.70)     17.80 (  13.60)   3.96e-06   4.21e-06   3.98e-06   failed
 5600    198.71 (   1.26)    272.75 (   0.92)     52.53 (   4.78)     17.81 (  14.09)   4.30e-06   4.23e-06   3.93e-06   failed
 5700    199.54 (   1.30)    267.73 (   0.97)     52.54 (   4.95)     17.77 (  14.63)   4.82e-06   4.57e-06   4.21e-06   failed
 5800    197.35 (   1.36)    267.61 (   1.01)     53.22 (   5.06)     17.96 (  14.99)   4.72e-06   4.16e-06   4.56e-06   failed
 5900    202.59 (   1.37)    269.39 (   1.03)     54.38 (   5.12)     17.99 (  15.48)   4.44e-06   4.57e-06   4.22e-06   failed
 6000    202.86 (   1.42)    269.46 (   1.07)     55.07 (   5.23)     18.02 (  15.99)   3.96e-06   4.19e-06   4.38e-06   failed
 6100    204.80 (   1.45)    272.44 (   1.09)     55.32 (   5.38)     17.96 (  16.58)   4.42e-06   4.36e-06   4.19e-06   failed
 6200    205.47 (   1.50)    270.75 (   1.14)     49.75 (   6.18)     17.78 (  17.30)   4.30e-06   3.72e-06   3.64e-06   failed
 6300    206.78 (   1.54)    273.59 (   1.16)     50.60 (   6.28)     17.88 (  17.76)   4.10e-06   3.97e-06   3.92e-06   failed
 6400    209.15 (   1.57)    274.94 (   1.19)     50.75 (   6.46)     18.50 (  17.72)   4.27e-06   4.06e-06   3.99e-06   failed
 6500    208.96 (   1.62)    279.63 (   1.21)     51.65 (   6.55)     17.95 (  18.83)   4.34e-06   4.60e-06   4.64e-06   failed
 6600    212.16 (   1.64)    277.73 (   1.26)     52.33 (   6.66)     17.97 (  19.40)   4.47e-06   4.21e-06   4.35e-06   failed
 6700    214.83 (   1.67)    279.78 (   1.28)     52.66 (   6.82)     17.92 (  20.04)   4.60e-06   3.92e-06   4.14e-06   failed
 6800    213.14 (   1.74)    278.42 (   1.33)     54.04 (   6.85)     18.04 (  20.51)   5.02e-06   4.63e-06   4.54e-06   failed
 6900    215.99 (   1.76)    279.74 (   1.36)     53.63 (   7.10)     12.00 (  31.75)   4.32e-06   4.04e-06   4.03e-06   failed
 7000    215.79 (   1.82)    282.51 (   1.39)     54.89 (   7.14)     11.92 (  32.89)   3.98e-06   4.41e-06   3.93e-06   failed
 7100    217.10 (   1.86)    283.87 (   1.42)     54.94 (   7.34)     12.02 (  33.55)   3.96e-06   4.29e-06   3.89e-06   failed
 7200    221.01 (   1.88)    286.11 (   1.45)     50.47 (   8.22)     17.55 (  23.64)   4.42e-06   4.70e-06   4.21e-06   failed
 7300    221.62 (   1.92)    284.11 (   1.50)     51.04 (   8.35)     17.55 (  24.30)   4.03e-06   3.88e-06   4.02e-06   failed
 7400    222.31 (   1.97)    286.22 (   1.53)     51.85 (   8.45)     17.70 (  24.75)   4.23e-06   4.36e-06   4.17e-06   failed
 7500    222.59 (   2.02)    287.78 (   1.56)     52.22 (   8.62)     17.82 (  25.26)   5.06e-06   4.69e-06   4.76e-06   failed
 7600    227.90 (   2.03)    283.90 (   1.63)     52.97 (   8.73)     17.75 (  26.04)   4.94e-06   5.63e-06   4.43e-06   failed
 7700    227.23 (   2.09)    283.90 (   1.67)     52.92 (   8.97)     16.34 (  29.04)   4.60e-06   4.57e-06   4.37e-06   failed
 7800    224.75 (   2.17)    285.01 (   1.71)     53.98 (   9.02)     17.74 (  27.44)   4.75e-06   4.47e-06   4.62e-06   failed
 7900    223.73 (   2.23)    287.83 (   1.73)     55.03 (   9.07)     17.80 (  28.05)   5.08e-06   4.45e-06   4.42e-06   failed
 8000    224.79 (   2.28)    285.78 (   1.79)     54.93 (   9.32)     17.88 (  28.64)   5.85e-06   5.49e-06   5.40e-06   failed
 8100    225.61 (   2.33)    285.48 (   1.84)     55.34 (   9.49)     17.06 (  30.78)   5.83e-06   5.85e-06   5.81e-06   failed
 8200    226.43 (   2.38)    284.67 (   1.89)     50.28 (  10.70)     16.70 (  32.21)   4.92e-06   4.59e-06   5.04e-06   failed
 8300    226.93 (   2.43)    284.73 (   1.94)     51.76 (  10.65)     17.42 (  31.64)   5.43e-06   5.51e-06   5.62e-06   failed
 8400    225.65 (   2.50)    288.82 (   1.95)     51.60 (  10.94)     17.82 (  31.68)   4.96e-06   5.60e-06   5.12e-06   failed
 8500    230.14 (   2.51)    284.36 (   2.03)     51.93 (  11.13)     16.84 (  34.32)   5.41e-06   5.41e-06   5.77e-06   failed
 8600    226.99 (   2.61)    281.52 (   2.10)     53.55 (  11.05)     17.82 (  33.21)   5.15e-06   4.98e-06   5.10e-06   failed
 8700    226.50 (   2.67)    288.13 (   2.10)     53.27 (  11.37)     18.11 (  33.44)   5.43e-06   5.18e-06   5.21e-06   failed
 8800    225.48 (   2.75)    283.69 (   2.18)     53.82 (  11.51)     17.91 (  34.60)   5.13e-06   5.60e-06   5.31e-06   failed
 8900    226.91 (   2.79)    284.31 (   2.23)     54.31 (  11.67)     17.05 (  37.18)   5.01e-06   4.99e-06   5.12e-06   failed
 9000    229.18 (   2.83)    283.49 (   2.29)     54.58 (  11.87)     16.97 (  38.18)   5.66e-06   5.96e-06   5.92e-06   failed
10000    234.24 (   3.42)    288.01 (   2.78)     54.67 (  14.64)     18.34 (  43.63)   5.57e-06   5.37e-06   5.66e-06   failed
12000    240.07 (   4.80)    292.20 (   3.94)     54.92 (  20.98)     17.49 (  65.86)   7.29e-06   6.05e-06   6.26e-06   failed
14000    247.97 (   6.32)    294.55 (   5.32)     55.24 (  28.39)     17.01 (  92.20)   6.63e-06   6.07e-06   6.92e-06   failed
16000    252.80 (   8.10)    293.73 (   6.97)     55.60 (  36.84)     15.59 ( 131.37)   6.96e-06   8.01e-06   7.20e-06   failed
18000    253.24 (  10.24)    296.15 (   8.75)     54.83 (  47.28)     16.62 ( 155.97)   8.14e-06   8.25e-06   7.92e-06   failed
20000    261.48 (  12.24)    295.01 (  10.85)     54.07 (  59.19)     17.37 ( 184.20)   8.79e-06   8.79e-06   9.38e-06   failed
Sat Sep 12 11:00:18 EDT 2015

Sat Sep 12 11:00:18 EDT 2015
numactl --interleave=all ../testing/testing_chemv -U -N 123 -N 1234 --range 10:90:1 --range 100:900:10 --range 1000:9000:100 --range 10000:20000:2000 --lapack
% MAGMA 1.7.0  compiled for CUDA capability >= 3.5, 32-bit magma_int_t, 64-bit pointer.
% CUDA runtime 7000, driver 7000. OpenMP threads 16. MKL 11.2.2, MKL threads 16. 
% device 0: Tesla K40c, 745.0 MHz clock, 11519.6 MB memory, capability 3.5
% device 1: Tesla K40c, 745.0 MHz clock, 11519.6 MB memory, capability 3.5
% device 2: Tesla K40c, 745.0 MHz clock, 11519.6 MB memory, capability 3.5
% Sat Sep 12 11:00:24 2015
% Usage: ../testing/testing_chemv [options] [-h|--help]

% uplo = Upper
%   N   MAGMA Gflop/s (ms)    Atomics Gflop/s      CUBLAS Gflop/s       CPU Gflop/s   MAGMA error  Atomics    CUBLAS
%=====================================================================================================================
  123      2.40 (   0.05)      2.49 (   0.05)      1.75 (   0.07)      1.88 (   0.07)   4.39e-07   3.77e-07   3.72e-07   ok
 1234     61.64 (   0.20)     87.75 (   0.14)     33.61 (   0.36)     23.01 (   0.53)   1.69e-06   1.59e-06   1.88e-06   failed
   10      0.02 (   0.04)      0.03 (   0.03)      0.03 (   0.03)      0.48 (   0.00)   2.13e-07   1.07e-07   2.86e-07   ok
   11      0.03 (   0.03)      0.04 (   0.03)      0.04 (   0.03)      0.38 (   0.00)   1.94e-07   1.23e-07   1.73e-07   ok
   12      0.03 (   0.04)      0.05 (   0.03)      0.05 (   0.03)      0.60 (   0.00)   1.78e-07   1.59e-07   1.78e-07   ok
   13      0.04 (   0.04)      0.06 (   0.03)      0.06 (   0.03)      0.70 (   0.00)   2.07e-07   1.49e-07   1.51e-07   ok
   14      0.05 (   0.04)      0.07 (   0.03)      0.07 (   0.03)      0.91 (   0.00)   1.52e-07   1.52e-07   2.04e-07   ok
   15      0.06 (   0.04)      0.08 (   0.03)      0.08 (   0.03)      1.04 (   0.00)   1.95e-07   1.42e-07   1.80e-07   ok
   16      0.06 (   0.04)      0.09 (   0.03)      0.09 (   0.02)      1.17 (   0.00)   1.33e-07   2.40e-07   2.38e-07   ok
   17      0.07 (   0.04)      0.10 (   0.03)      0.09 (   0.03)      1.32 (   0.00)   1.59e-07   1.62e-07   1.59e-07   ok
   18      0.08 (   0.04)      0.11 (   0.03)      0.10 (   0.03)      1.47 (   0.00)   2.37e-07   2.12e-07   2.37e-07   ok
   19      0.09 (   0.03)      0.12 (   0.03)      0.12 (   0.03)      1.63 (   0.00)   3.17e-07   2.24e-07   2.24e-07   ok
   20      0.10 (   0.03)      0.14 (   0.03)      0.13 (   0.03)      1.80 (   0.00)   1.97e-07   1.55e-07   2.13e-07   ok
   21      0.10 (   0.04)      0.15 (   0.03)      0.15 (   0.03)      1.98 (   0.00)   2.84e-07   1.83e-07   2.75e-07   ok
   22      0.11 (   0.04)      0.17 (   0.03)      0.16 (   0.03)      2.17 (   0.00)   2.60e-07   3.57e-07   1.94e-07   ok
   23      0.13 (   0.04)      0.18 (   0.03)      0.17 (   0.03)      2.10 (   0.00)   2.99e-07   1.85e-07   2.52e-07   ok
   24      0.14 (   0.04)      0.19 (   0.03)      0.19 (   0.03)      2.57 (   0.00)   2.41e-07   2.38e-07   2.40e-07   ok
   25      0.14 (   0.04)      0.19 (   0.03)      0.19 (   0.03)      1.85 (   0.00)   2.36e-07   2.41e-07   2.41e-07   ok
   26      0.15 (   0.04)      0.21 (   0.03)      0.21 (   0.03)      2.00 (   0.00)   1.85e-07   1.64e-07   1.64e-07   ok
   27      0.16 (   0.04)      0.22 (   0.03)      0.22 (   0.03)      2.15 (   0.00)   2.23e-07   2.13e-07   2.55e-07   ok
   28      0.18 (   0.04)      0.23 (   0.03)      0.25 (   0.03)      2.31 (   0.00)   2.46e-07   2.28e-07   2.75e-07   ok
   29      0.19 (   0.04)      0.25 (   0.03)      0.26 (   0.03)      2.47 (   0.00)   1.97e-07   2.71e-07   1.47e-07   ok
   30      0.19 (   0.04)      0.26 (   0.03)      0.27 (   0.03)      2.64 (   0.00)   2.01e-07   1.42e-07   2.29e-07   ok
   31      0.21 (   0.04)      0.27 (   0.03)      0.29 (   0.03)      2.60 (   0.00)   1.95e-07   2.54e-07   2.63e-07   ok
   32      0.24 (   0.04)      0.27 (   0.03)      0.31 (   0.03)      2.25 (   0.00)   2.15e-07   2.46e-07   1.81e-07   ok
   33      0.25 (   0.04)      0.24 (   0.04)      0.29 (   0.03)      2.39 (   0.00)   2.33e-07   1.83e-07   2.38e-07   ok
   34      0.26 (   0.04)      0.25 (   0.04)      0.33 (   0.03)      3.12 (   0.00)   3.37e-07   2.31e-07   3.41e-07   ok
   35      0.28 (   0.04)      0.27 (   0.04)      0.35 (   0.03)      2.52 (   0.00)   3.31e-07   3.45e-07   3.31e-07   ok
   36      0.30 (   0.04)      0.29 (   0.04)      0.37 (   0.03)      3.48 (   0.00)   3.35e-07   3.18e-07   2.37e-07   ok
   37      0.30 (   0.04)      0.32 (   0.04)      0.40 (   0.03)      2.99 (   0.00)   2.31e-07   3.46e-07   2.92e-07   ok
   38      0.32 (   0.04)      0.32 (   0.04)      0.42 (   0.03)      4.20 (   0.00)   3.05e-07   2.37e-07   3.62e-07   ok
   39      0.34 (   0.04)      0.35 (   0.04)      0.42 (   0.03)      4.08 (   0.00)   3.09e-07   3.09e-07   1.97e-07   ok
   40      0.37 (   0.04)      0.38 (   0.04)      0.46 (   0.03)      3.48 (   0.00)   2.13e-07   2.13e-07   2.38e-07   ok
   41      0.36 (   0.04)      0.40 (   0.04)      0.48 (   0.03)      3.44 (   0.00)   3.35e-07   2.83e-07   2.33e-07   ok
   42      0.36 (   0.04)      0.40 (   0.04)      0.51 (   0.03)      2.92 (   0.01)   3.05e-07   2.76e-07   2.81e-07   ok
   43      0.40 (   0.04)      0.44 (   0.04)      0.51 (   0.03)      3.78 (   0.00)   4.70e-07   3.66e-07   3.75e-07   ok
   44      0.41 (   0.04)      0.44 (   0.04)      0.56 (   0.03)      3.95 (   0.00)   2.76e-07   2.68e-07   3.48e-07   ok
   45      0.45 (   0.04)      0.46 (   0.04)      0.56 (   0.03)      4.13 (   0.00)   2.68e-07   3.39e-07   3.06e-07   ok
   46      0.49 (   0.04)      0.49 (   0.04)      0.60 (   0.03)      4.31 (   0.00)   2.78e-07   2.62e-07   4.15e-07   ok
   47      0.48 (   0.04)      0.49 (   0.04)      0.61 (   0.03)      4.50 (   0.00)   3.42e-07   4.08e-07   2.57e-07   ok
   48      0.51 (   0.04)      0.53 (   0.04)      0.63 (   0.03)      3.80 (   0.01)   3.28e-07   3.20e-07   2.51e-07   ok
   49      0.51 (   0.04)      0.56 (   0.04)      0.64 (   0.03)      3.95 (   0.01)   3.90e-07   3.48e-07   3.40e-07   ok
   50      0.57 (   0.04)      0.59 (   0.04)      0.66 (   0.03)      4.11 (   0.01)   3.08e-07   3.15e-07   3.24e-07   ok
   51      0.57 (   0.04)      0.61 (   0.04)      0.69 (   0.03)      3.59 (   0.01)   2.92e-07   3.08e-07   3.08e-07   ok
   52      0.60 (   0.04)      0.64 (   0.04)      0.74 (   0.03)      4.45 (   0.01)   3.10e-07   3.69e-07   2.94e-07   ok
   53      0.64 (   0.04)      0.66 (   0.03)      0.75 (   0.03)      3.73 (   0.01)   3.86e-07   3.60e-07   3.60e-07   ok
   54      0.64 (   0.04)      0.68 (   0.04)      0.80 (   0.03)      4.79 (   0.01)   3.60e-07   2.55e-07   2.30e-07   ok
   55      0.65 (   0.04)      0.71 (   0.04)      0.83 (   0.03)      6.13 (   0.00)   2.94e-07   2.77e-07   4.04e-07   ok
   56      0.70 (   0.04)      0.76 (   0.03)      0.83 (   0.03)      6.36 (   0.00)   3.47e-07   2.81e-07   3.47e-07   ok
   57      0.70 (   0.04)      0.77 (   0.03)      0.86 (   0.03)      5.33 (   0.01)   2.76e-07   2.68e-07   2.76e-07   ok
   58      0.71 (   0.04)      0.79 (   0.04)      0.93 (   0.03)      5.51 (   0.01)   2.94e-07   2.63e-07   2.37e-07   ok
   59      0.77 (   0.04)      0.82 (   0.03)      0.95 (   0.03)      4.79 (   0.01)   2.76e-07   2.67e-07   2.04e-07   ok
   60      0.72 (   0.04)      0.80 (   0.04)      0.89 (   0.03)      4.95 (   0.01)   2.70e-07   3.18e-07   2.29e-07   ok
   61      0.78 (   0.04)      0.83 (   0.04)      0.95 (   0.03)      5.12 (   0.01)   3.26e-07   3.13e-07   3.15e-07   ok
   62      0.81 (   0.04)      0.73 (   0.04)      1.02 (   0.03)      4.56 (   0.01)   3.48e-07   2.75e-07   3.31e-07   ok
   63      0.79 (   0.04)      0.86 (   0.04)      1.05 (   0.03)      4.70 (   0.01)   3.09e-07   3.63e-07   3.09e-07   ok
   64      0.93 (   0.04)      0.96 (   0.04)      1.05 (   0.03)      6.70 (   0.01)   3.37e-07   4.00e-07   3.77e-07   ok
   65      0.79 (   0.04)      0.94 (   0.04)      1.02 (   0.03)      5.80 (   0.01)   2.95e-07   3.71e-07   3.52e-07   ok
   66      0.83 (   0.04)      0.96 (   0.04)      1.05 (   0.03)      5.15 (   0.01)   3.52e-07   3.66e-07   3.52e-07   ok
   67      0.84 (   0.04)      0.94 (   0.04)      1.08 (   0.03)      5.92 (   0.01)   5.09e-07   3.42e-07   2.90e-07   ok
   68      0.88 (   0.04)      0.99 (   0.04)      1.11 (   0.03)      5.47 (   0.01)   3.39e-07   3.39e-07   3.37e-07   ok
   69      0.91 (   0.04)      1.03 (   0.04)      1.18 (   0.03)      4.95 (   0.01)   5.10e-07   3.99e-07   4.46e-07   ok
   70      0.93 (   0.04)      1.03 (   0.04)      1.18 (   0.03)      5.60 (   0.01)   3.49e-07   4.37e-07   3.93e-07   ok
   71      0.93 (   0.04)      1.09 (   0.04)      1.24 (   0.03)      5.76 (   0.01)   4.43e-07   3.27e-07   3.27e-07   ok
   72      0.99 (   0.04)      1.15 (   0.04)      1.24 (   0.03)      5.92 (   0.01)   3.44e-07   4.25e-07   3.35e-07   ok
   73      1.09 (   0.04)      1.14 (   0.04)      1.28 (   0.03)      6.08 (   0.01)   5.23e-07   3.30e-07   4.25e-07   ok
   74      1.01 (   0.04)      1.21 (   0.04)      1.32 (   0.03)      5.51 (   0.01)   5.26e-07   4.16e-07   4.25e-07   ok
   75      1.12 (   0.04)      1.17 (   0.04)      1.36 (   0.03)      6.42 (   0.01)   3.67e-07   3.67e-07   3.67e-07   ok
   76      1.15 (   0.04)      1.27 (   0.04)      1.38 (   0.03)      6.82 (   0.01)   3.62e-07   4.02e-07   5.03e-07   ok
   77      1.18 (   0.04)      1.28 (   0.04)      1.51 (   0.03)      6.76 (   0.01)   4.43e-07   4.23e-07   4.23e-07   ok
   78      1.25 (   0.04)      1.34 (   0.04)      1.50 (   0.03)      6.31 (   0.01)   4.15e-07   3.53e-07   4.03e-07   ok
   79      1.24 (   0.04)      1.38 (   0.04)      1.49 (   0.03)      6.47 (   0.01)   4.13e-07   3.05e-07   3.09e-07   ok
   80      1.24 (   0.04)      1.41 (   0.04)      1.53 (   0.03)      6.63 (   0.01)   3.44e-07   3.84e-07   3.81e-07   ok
   81      1.30 (   0.04)      1.48 (   0.04)      1.48 (   0.04)      7.73 (   0.01)   3.83e-07   3.02e-07   4.71e-07   ok
   82      1.25 (   0.04)      1.48 (   0.04)      1.52 (   0.04)      7.92 (   0.01)   3.79e-07   3.79e-07   3.84e-07   ok
   83      1.28 (   0.04)      1.47 (   0.04)      1.57 (   0.04)      9.41 (   0.01)   4.95e-07   3.68e-07   4.60e-07   ok
   84      1.30 (   0.04)      1.52 (   0.04)      1.55 (   0.04)      8.31 (   0.01)   3.85e-07   3.74e-07   3.74e-07   ok
   85      1.37 (   0.04)      1.55 (   0.04)      1.63 (   0.04)      8.22 (   0.01)   3.81e-07   3.59e-07   2.84e-07   ok
   86      1.36 (   0.04)      1.54 (   0.04)      1.67 (   0.04)      8.42 (   0.01)   3.56e-07   3.59e-07   3.66e-07   ok
   87      1.40 (   0.04)      1.62 (   0.04)      1.67 (   0.04)      7.83 (   0.01)   5.37e-07   3.51e-07   3.57e-07   ok
   88      1.47 (   0.04)      1.70 (   0.04)      1.75 (   0.04)      8.01 (   0.01)   3.47e-07   2.74e-07   2.91e-07   ok
   89      1.43 (   0.05)      1.65 (   0.04)      1.74 (   0.04)      7.95 (   0.01)   3.66e-07   3.83e-07   4.29e-07   ok
   90      1.46 (   0.05)      1.68 (   0.04)      1.83 (   0.04)      7.27 (   0.01)   5.09e-07   4.43e-07   4.32e-07   ok
  100      1.89 (   0.04)      2.03 (   0.04)      2.13 (   0.04)     10.02 (   0.01)   3.89e-07   3.15e-07   4.58e-07   ok
  110      2.18 (   0.05)      2.45 (   0.04)      2.59 (   0.04)     10.83 (   0.01)   3.54e-07   4.16e-07   4.17e-07   ok
  120      2.70 (   0.04)      2.98 (   0.04)      2.98 (   0.04)     10.64 (   0.01)   4.52e-07   4.45e-07   3.83e-07   ok
  130      2.85 (   0.05)      3.19 (   0.04)      3.33 (   0.04)     12.47 (   0.01)   5.25e-07   4.84e-07   5.01e-07   ok
  140      3.29 (   0.05)      3.86 (   0.04)      3.86 (   0.04)     12.09 (   0.01)   4.41e-07   4.61e-07   4.46e-07   ok
  150      3.70 (   0.05)      4.21 (   0.04)      4.21 (   0.04)     13.86 (   0.01)   5.09e-07   5.09e-07   4.10e-07   ok
  160      4.05 (   0.05)      5.29 (   0.04)      4.69 (   0.04)     13.76 (   0.02)   5.33e-07   4.98e-07   4.98e-07   ok
  170      4.68 (   0.05)      5.18 (   0.05)      5.07 (   0.05)     13.78 (   0.02)   5.46e-07   5.40e-07   5.55e-07   ok
  180      5.22 (   0.05)      5.93 (   0.04)      5.43 (   0.05)     15.44 (   0.02)   6.99e-07   5.99e-07   7.82e-07   ok
  190      5.81 (   0.05)      6.04 (   0.05)      6.07 (   0.05)     15.26 (   0.02)   4.90e-07   5.02e-07   4.84e-07   ok
  200      5.78 (   0.06)      7.19 (   0.04)      6.60 (   0.05)     16.10 (   0.02)   5.35e-07   6.52e-07   5.55e-07   ok
  210      6.34 (   0.06)      7.89 (   0.05)      7.10 (   0.05)     16.20 (   0.02)   6.50e-07   6.54e-07   6.58e-07   ok
  220      6.59 (   0.06)      8.30 (   0.05)      7.50 (   0.05)     16.19 (   0.02)   6.28e-07   6.95e-07   6.94e-07   ok
  230      7.35 (   0.06)      8.01 (   0.05)      8.05 (   0.05)     16.39 (   0.03)   7.33e-07   7.99e-07   7.99e-07   ok
  240      8.14 (   0.06)      9.44 (   0.05)      8.76 (   0.05)     17.84 (   0.03)   6.36e-07   8.92e-07   7.66e-07   ok
  250      8.98 (   0.06)     10.71 (   0.05)      8.98 (   0.06)     17.88 (   0.03)   6.57e-07   6.22e-07   6.74e-07   ok
  260      8.24 (   0.07)     11.07 (   0.05)      9.24 (   0.06)     17.55 (   0.03)   7.07e-07   5.88e-07   5.93e-07   ok
  270      9.28 (   0.06)     10.84 (   0.05)      9.80 (   0.06)     17.20 (   0.03)   7.24e-07   5.90e-07   6.99e-07   ok
  280     10.02 (   0.06)     12.36 (   0.05)     10.50 (   0.06)     18.63 (   0.03)   6.68e-07   6.78e-07   6.74e-07   ok
  290     10.54 (   0.06)     13.01 (   0.05)     11.08 (   0.06)     18.30 (   0.04)   6.74e-07   7.39e-07   7.37e-07   ok
  300     10.80 (   0.07)     13.43 (   0.05)     11.28 (   0.06)     18.97 (   0.04)   7.41e-07   7.41e-07   6.51e-07   ok
  310     11.53 (   0.07)     13.79 (   0.06)     12.05 (   0.06)     18.41 (   0.04)   8.25e-07   7.88e-07   7.88e-07   ok
  320     12.46 (   0.07)     16.76 (   0.05)     12.88 (   0.06)     19.61 (   0.04)   9.54e-07   8.59e-07   9.54e-07   ok
  330     12.32 (   0.07)     16.17 (   0.05)     13.25 (   0.07)     19.84 (   0.04)   6.94e-07   6.63e-07   6.54e-07   ok
  340     12.73 (   0.07)     17.24 (   0.05)     13.43 (   0.07)     19.78 (   0.05)   8.09e-07   8.08e-07   7.24e-07   ok
  350     13.27 (   0.07)     16.38 (   0.06)     14.28 (   0.07)     17.64 (   0.06)   7.19e-07   8.04e-07   8.04e-07   ok
  360     14.27 (   0.07)     18.27 (   0.06)     14.90 (   0.07)     19.32 (   0.05)   9.17e-07   8.52e-07   9.32e-07   ok
  370     15.48 (   0.07)     19.30 (   0.06)     15.07 (   0.07)     20.05 (   0.05)   8.49e-07   8.50e-07   7.78e-07   ok
  380     16.32 (   0.07)     20.70 (   0.06)     15.90 (   0.07)     20.35 (   0.06)   8.87e-07   8.14e-07   9.00e-07   ok
  390     15.43 (   0.08)     17.98 (   0.07)     16.53 (   0.07)     20.01 (   0.06)   8.92e-07   8.75e-07   1.03e-06   ok
  400     16.68 (   0.08)     21.47 (   0.06)     17.11 (   0.08)     19.81 (   0.06)   9.56e-07   8.70e-07   9.44e-07   ok
  410     17.10 (   0.08)     22.55 (   0.06)     17.53 (   0.08)     20.15 (   0.07)   8.22e-07   8.21e-07   8.19e-07   ok
  420     17.07 (   0.08)     22.50 (   0.06)     18.17 (   0.08)     19.16 (   0.07)   9.47e-07   8.75e-07   8.75e-07   ok
  430     18.10 (   0.08)     21.85 (   0.07)     17.89 (   0.08)     20.62 (   0.07)   9.25e-07   9.33e-07   9.25e-07   ok
  440     18.95 (   0.08)     24.32 (   0.06)     19.17 (   0.08)     21.30 (   0.07)   1.11e-06   1.05e-06   1.11e-06   ok
  450     18.28 (   0.09)     24.61 (   0.07)     19.82 (   0.08)     20.85 (   0.08)   9.22e-07   9.87e-07   1.04e-06   ok
  460     19.10 (   0.09)     25.72 (   0.07)     20.18 (   0.08)     21.26 (   0.08)   8.93e-07   9.38e-07   8.93e-07   ok
  470     20.15 (   0.09)     24.62 (   0.07)     17.92 (   0.10)     21.12 (   0.08)   1.09e-06   1.04e-06   1.05e-06   ok
  480     21.02 (   0.09)     31.27 (   0.06)     21.97 (   0.08)     20.09 (   0.09)   8.33e-07   9.56e-07   8.94e-07   ok
  490     21.67 (   0.09)     27.87 (   0.07)     21.44 (   0.09)     21.21 (   0.09)   1.00e-06   1.00e-06   1.06e-06   ok
  500     22.80 (   0.09)     29.52 (   0.07)     22.26 (   0.09)     21.35 (   0.09)   9.53e-07   1.15e-06   1.10e-06   ok
  510     22.91 (   0.09)     27.44 (   0.08)     22.68 (   0.09)     21.09 (   0.10)   8.90e-07   9.11e-07   8.90e-07   ok
  520     22.86 (   0.09)     30.53 (   0.07)     23.57 (   0.09)     20.63 (   0.11)   9.99e-07   8.82e-07   9.39e-07   ok
  530     23.75 (   0.09)     31.72 (   0.07)     23.22 (   0.10)     20.68 (   0.11)   9.50e-07   8.56e-07   9.94e-07   ok
  540     24.11 (   0.10)     32.06 (   0.07)     24.59 (   0.10)     21.66 (   0.11)   1.17e-06   1.19e-06   1.19e-06   ok
  550     24.76 (   0.10)     28.51 (   0.09)     24.70 (   0.10)     21.70 (   0.11)   1.22e-06   1.01e-06   1.12e-06   ok
  560     25.42 (   0.10)     33.07 (   0.08)     25.67 (   0.10)     21.53 (   0.12)   1.20e-06   1.32e-06   1.42e-06   ok
  570     26.34 (   0.10)     35.26 (   0.07)     26.09 (   0.10)     21.90 (   0.12)   1.21e-06   1.10e-06   1.18e-06   ok
  580     25.72 (   0.10)     33.29 (   0.08)     26.95 (   0.10)     21.93 (   0.12)   1.16e-06   1.27e-06   1.17e-06   ok
  590     26.31 (   0.11)     32.17 (   0.09)     27.11 (   0.10)     21.65 (   0.13)   1.34e-06   1.45e-06   1.45e-06   ok
  600     26.73 (   0.11)     37.03 (   0.08)     27.27 (   0.11)     21.70 (   0.13)   1.12e-06   1.10e-06   1.00e-06   ok
  610     27.88 (   0.11)     36.81 (   0.08)     27.88 (   0.11)     21.92 (   0.14)   1.18e-06   1.13e-06   1.18e-06   ok
  620     28.80 (   0.11)     37.59 (   0.08)     28.29 (   0.11)     22.49 (   0.14)   1.28e-06   1.28e-06   1.21e-06   ok
  630     28.96 (   0.11)     35.69 (   0.09)     29.15 (   0.11)     21.22 (   0.15)   1.07e-06   1.07e-06   1.16e-06   ok
  640     30.08 (   0.11)     45.02 (   0.07)     29.63 (   0.11)     22.18 (   0.15)   1.15e-06   1.24e-06   1.14e-06   ok
  650     28.94 (   0.12)     40.37 (   0.08)     29.73 (   0.11)     22.31 (   0.15)   1.13e-06   1.05e-06   1.13e-06   ok
  660     30.39 (   0.11)     41.04 (   0.09)     30.65 (   0.11)     21.70 (   0.16)   1.20e-06   1.19e-06   1.37e-06   ok
  670     30.50 (   0.12)     37.46 (   0.10)     30.75 (   0.12)     22.10 (   0.16)   1.28e-06   1.28e-06   1.28e-06   ok
  680     31.93 (   0.12)     43.19 (   0.09)     32.00 (   0.12)     22.34 (   0.17)   1.26e-06   1.35e-06   1.26e-06   ok
  690     32.08 (   0.12)     43.39 (   0.09)     32.02 (   0.12)     21.66 (   0.18)   1.19e-06   1.35e-06   1.17e-06   ok
  700     32.69 (   0.12)     44.65 (   0.09)     31.93 (   0.12)     22.60 (   0.17)   1.52e-06   1.41e-06   1.40e-06   ok
  710     32.10 (   0.13)     37.84 (   0.11)     33.17 (   0.12)     22.07 (   0.18)   1.21e-06   1.39e-06   1.22e-06   ok
  720     33.78 (   0.12)     46.24 (   0.09)     33.52 (   0.12)     22.61 (   0.18)   1.27e-06   1.27e-06   1.27e-06   ok
  730     33.37 (   0.13)     46.91 (   0.09)     32.34 (   0.13)     22.48 (   0.19)   1.43e-06   1.42e-06   1.34e-06   ok
  740     34.29 (   0.13)     48.20 (   0.09)     33.54 (   0.13)     22.08 (   0.20)   1.66e-06   1.52e-06   1.63e-06   ok
  750     35.82 (   0.13)     42.88 (   0.11)     33.41 (   0.13)     22.30 (   0.20)   1.32e-06   1.26e-06   1.38e-06   ok
  760     35.90 (   0.13)     49.16 (   0.09)     34.55 (   0.13)     22.04 (   0.21)   1.29e-06   1.37e-06   1.30e-06   ok
  770     35.72 (   0.13)     49.59 (   0.10)     35.72 (   0.13)     22.83 (   0.21)   1.43e-06   1.43e-06   1.51e-06   ok
  780     36.66 (   0.13)     50.75 (   0.10)     35.57 (   0.14)     22.06 (   0.22)   1.33e-06   1.25e-06   1.35e-06   ok
  790     37.33 (   0.13)     45.91 (   0.11)     36.55 (   0.14)     21.74 (   0.23)   1.28e-06   1.47e-06   1.32e-06   ok
  800     37.16 (   0.14)     59.60 (   0.09)     36.90 (   0.14)     22.20 (   0.23)   1.53e-06   1.37e-06   1.60e-06   ok
  810     38.69 (   0.14)     53.66 (   0.10)     36.76 (   0.14)     22.28 (   0.24)   1.26e-06   1.29e-06   1.21e-06   ok
  820     39.86 (   0.14)     54.47 (   0.10)     37.67 (   0.14)     22.83 (   0.24)   1.36e-06   1.42e-06   1.41e-06   ok
  830     40.34 (   0.14)     48.45 (   0.11)     38.09 (   0.14)     22.44 (   0.25)   1.25e-06   1.35e-06   1.28e-06   ok
  840     39.60 (   0.14)     56.07 (   0.10)     39.01 (   0.14)     22.25 (   0.25)   1.37e-06   1.29e-06   1.33e-06   ok
  850     40.82 (   0.14)     56.22 (   0.10)     38.86 (   0.15)     22.89 (   0.25)   1.32e-06   1.50e-06   1.45e-06   ok
  860     40.89 (   0.14)     58.77 (   0.10)     40.03 (   0.15)     22.70 (   0.26)   1.19e-06   1.16e-06   1.21e-06   ok
  870     41.84 (   0.14)     47.38 (   0.13)     40.71 (   0.15)     21.89 (   0.28)   1.20e-06   1.40e-06   1.27e-06   ok
  880     43.38 (   0.14)     60.96 (   0.10)     41.65 (   0.15)     22.48 (   0.28)   1.39e-06   1.39e-06   1.35e-06   ok
  890     44.08 (   0.14)     60.37 (   0.11)     41.47 (   0.15)     22.35 (   0.28)   1.27e-06   1.24e-06   1.18e-06   ok
  900     42.94 (   0.15)     62.30 (   0.10)     42.47 (   0.15)     22.84 (   0.28)   1.24e-06   1.24e-06   1.31e-06   ok
 1000     49.78 (   0.16)     69.72 (   0.11)     47.07 (   0.17)     22.63 (   0.35)   1.53e-06   1.32e-06   1.38e-06   ok
 1100     54.50 (   0.18)     72.86 (   0.13)     30.68 (   0.32)     23.02 (   0.42)   1.35e-06   1.34e-06   1.45e-06   ok
 1200     60.70 (   0.19)     84.88 (   0.14)     33.64 (   0.34)     23.16 (   0.50)   2.06e-06   1.82e-06   1.83e-06   failed
 1300     55.01 (   0.25)     92.01 (   0.15)     34.45 (   0.39)     23.37 (   0.58)   1.88e-06   1.78e-06   1.88e-06   failed
 1400     72.67 (   0.22)     99.30 (   0.16)     38.39 (   0.41)     23.79 (   0.66)   1.92e-06   1.86e-06   1.94e-06   failed
 1500     74.82 (   0.24)    105.40 (   0.17)     39.78 (   0.45)     23.19 (   0.78)   2.00e-06   1.68e-06   1.80e-06   failed
 1600     79.46 (   0.26)    129.68 (   0.16)     41.74 (   0.49)     23.06 (   0.89)   2.14e-06   1.91e-06   1.95e-06   failed
 1700     86.66 (   0.27)    123.01 (   0.19)     44.24 (   0.52)     21.51 (   1.08)   2.16e-06   1.93e-06   2.24e-06   failed
 1800     90.98 (   0.29)    130.31 (   0.20)     46.66 (   0.56)     19.88 (   1.31)   1.97e-06   1.90e-06   2.10e-06   failed
 1900     95.68 (   0.30)    133.95 (   0.22)     49.06 (   0.59)     18.47 (   1.56)   2.03e-06   2.07e-06   1.93e-06   failed
 2000    100.69 (   0.32)    136.23 (   0.24)     51.66 (   0.62)     17.13 (   1.87)   2.38e-06   2.45e-06   2.20e-06   failed
 2100    106.00 (   0.33)    134.74 (   0.26)     39.09 (   0.90)     16.69 (   2.12)   2.10e-06   2.10e-06   2.10e-06   failed
 2200    109.14 (   0.36)    142.43 (   0.27)     40.32 (   0.96)     16.80 (   2.31)   2.00e-06   2.33e-06   1.91e-06   failed
 2300    117.01 (   0.36)    140.74 (   0.30)     41.72 (   1.01)     16.46 (   2.57)   2.33e-06   2.28e-06   2.34e-06   failed
 2400    120.72 (   0.38)    181.59 (   0.25)     43.55 (   1.06)     16.28 (   2.83)   2.71e-06   2.67e-06   2.55e-06   failed
 2500    122.57 (   0.41)    154.41 (   0.32)     45.82 (   1.09)     16.40 (   3.05)   3.04e-06   3.15e-06   2.94e-06   failed
 2600    126.72 (   0.43)    155.88 (   0.35)     46.37 (   1.17)     16.49 (   3.28)   2.45e-06   2.44e-06   2.63e-06   failed
 2700    132.37 (   0.44)    159.44 (   0.37)     49.21 (   1.19)     16.46 (   3.55)   2.81e-06   2.80e-06   2.99e-06   failed
 2800    134.63 (   0.47)    156.48 (   0.40)     48.64 (   1.29)     16.74 (   3.75)   3.14e-06   2.89e-06   3.23e-06   failed
 2900    142.67 (   0.47)    165.01 (   0.41)     52.46 (   1.28)     16.87 (   3.99)   3.03e-06   2.95e-06   2.95e-06   failed
 3000    145.54 (   0.49)    173.15 (   0.42)     54.90 (   1.31)     16.74 (   4.30)   2.65e-06   2.92e-06   2.77e-06   failed
 3100    147.92 (   0.52)    175.62 (   0.44)     43.02 (   1.79)     17.30 (   4.45)   3.07e-06   3.39e-06   3.23e-06   failed
 3200    156.11 (   0.52)    201.85 (   0.41)     44.09 (   1.86)     17.10 (   4.79)   3.16e-06   3.15e-06   2.68e-06   failed
 3300    160.20 (   0.54)    187.09 (   0.47)     46.14 (   1.89)     16.81 (   5.18)   3.85e-06   3.85e-06   4.00e-06   failed
 3400    159.76 (   0.58)    183.57 (   0.50)     47.40 (   1.95)     16.85 (   5.49)   2.96e-06   2.87e-06   2.95e-06   failed
 3500    169.64 (   0.58)    187.77 (   0.52)     48.54 (   2.02)     16.93 (   5.79)   2.93e-06   2.66e-06   2.93e-06   failed
 3600    171.68 (   0.60)    193.87 (   0.54)     49.77 (   2.08)     16.38 (   6.33)   3.42e-06   3.34e-06   3.94e-06   failed
 3700    177.02 (   0.62)    194.97 (   0.56)     51.23 (   2.14)     17.01 (   6.44)   2.87e-06   2.78e-06   2.98e-06   failed
 3800    177.55 (   0.65)    199.97 (   0.58)     52.69 (   2.19)     17.17 (   6.73)   2.70e-06   2.64e-06   2.96e-06   failed
 3900    185.25 (   0.66)    198.28 (   0.61)     53.65 (   2.27)     17.09 (   7.12)   3.01e-06   3.01e-06   3.20e-06   failed
 4000    185.07 (   0.69)    218.95 (   0.58)     55.00 (   2.33)     17.30 (   7.40)   3.19e-06   3.50e-06   3.22e-06   failed
 4100    185.79 (   0.72)    193.57 (   0.69)     47.71 (   2.82)     17.36 (   7.75)   3.16e-06   3.20e-06   3.28e-06   failed
 4200    188.51 (   0.75)    196.39 (   0.72)     46.70 (   3.02)     17.17 (   8.22)   2.94e-06   3.14e-06   3.07e-06   failed
 4300    194.74 (   0.76)    204.16 (   0.72)     47.52 (   3.11)     17.33 (   8.54)   4.10e-06   3.99e-06   3.65e-06   failed
 4400    201.50 (   0.77)    202.00 (   0.77)     48.71 (   3.18)     17.39 (   8.91)   3.93e-06   4.10e-06   4.11e-06   failed
 4500    201.57 (   0.80)    205.10 (   0.79)     50.25 (   3.23)     17.43 (   9.30)   3.64e-06   3.49e-06   3.36e-06   failed
 4600    209.26 (   0.81)    205.51 (   0.82)     51.11 (   3.31)     15.54 (  10.90)   3.72e-06   4.14e-06   3.82e-06   failed
 4700    208.98 (   0.85)    211.97 (   0.83)     52.10 (   3.39)     17.40 (  10.16)   3.53e-06   3.32e-06   3.55e-06   failed
 4800    210.43 (   0.88)    237.95 (   0.77)     53.06 (   3.47)     17.41 (  10.59)   3.75e-06   3.49e-06   3.81e-06   failed
 4900    217.10 (   0.89)    213.25 (   0.90)     54.31 (   3.54)     17.45 (  11.01)   4.77e-06   4.12e-06   3.99e-06   failed
 5000    220.07 (   0.91)    214.44 (   0.93)     54.85 (   3.65)     17.64 (  11.34)   3.91e-06   4.21e-06   4.11e-06   failed
 5100    221.63 (   0.94)    215.03 (   0.97)     55.77 (   3.73)     17.55 (  11.86)   3.84e-06   4.02e-06   4.12e-06   failed
 5200    221.95 (   0.97)    218.59 (   0.99)     47.87 (   4.52)     17.37 (  12.45)   3.98e-06   3.85e-06   4.13e-06   failed
 5300    225.50 (   1.00)    218.45 (   1.03)     49.23 (   4.57)     17.46 (  12.87)   4.05e-06   4.15e-06   4.07e-06   failed
 5400    225.88 (   1.03)    219.94 (   1.06)     50.10 (   4.66)     17.50 (  13.33)   4.03e-06   4.35e-06   4.22e-06   failed
 5500    226.48 (   1.07)    220.67 (   1.10)     50.76 (   4.77)     17.63 (  13.73)   4.02e-06   3.92e-06   3.83e-06   failed
 5600    235.15 (   1.07)    248.71 (   1.01)     51.88 (   4.84)     17.56 (  14.29)   4.29e-06   4.24e-06   4.10e-06   failed
 5700    237.42 (   1.10)    229.86 (   1.13)     52.78 (   4.93)     17.63 (  14.75)   4.77e-06   5.23e-06   4.92e-06   failed
 5800    240.12 (   1.12)    222.08 (   1.21)     53.80 (   5.00)     17.57 (  15.32)   4.00e-06   3.68e-06   3.96e-06   failed
 5900    241.34 (   1.15)    223.01 (   1.25)     54.37 (   5.12)     17.83 (  15.62)   3.98e-06   4.41e-06   4.25e-06   failed
 6000    245.38 (   1.17)    226.65 (   1.27)     55.40 (   5.20)     17.69 (  16.29)   4.32e-06   4.43e-06   4.34e-06   failed
 6100    251.08 (   1.19)    226.94 (   1.31)     56.13 (   5.30)     17.78 (  16.75)   4.43e-06   4.31e-06   4.53e-06   failed
 6200    250.66 (   1.23)    229.03 (   1.34)     49.51 (   6.21)     17.66 (  17.41)   4.39e-06   4.14e-06   4.38e-06   failed
 6300    254.26 (   1.25)    224.30 (   1.42)     49.81 (   6.38)     17.96 (  17.69)   4.73e-06   4.70e-06   4.44e-06   failed
 6400    255.05 (   1.29)    254.86 (   1.29)     50.81 (   6.45)     19.39 (  16.90)   4.45e-06   4.46e-06   4.65e-06   failed
 6500    257.07 (   1.32)    229.34 (   1.47)     51.65 (   6.55)     17.83 (  18.96)   4.66e-06   4.47e-06   4.30e-06   failed
 6600    262.05 (   1.33)    230.85 (   1.51)     52.49 (   6.64)     17.76 (  19.63)   4.92e-06   4.68e-06   4.77e-06   failed
 6700    268.84 (   1.34)    229.66 (   1.56)     52.93 (   6.79)     17.93 (  20.03)   4.93e-06   4.88e-06   4.54e-06   failed
 6800    266.42 (   1.39)    228.25 (   1.62)     53.75 (   6.88)     17.72 (  20.89)   4.60e-06   4.45e-06   4.60e-06   failed
 6900    272.72 (   1.40)    230.34 (   1.65)     54.45 (   7.00)     17.89 (  21.30)   4.67e-06   4.89e-06   4.82e-06   failed
 7000    271.73 (   1.44)    230.65 (   1.70)     55.32 (   7.09)     17.64 (  22.23)   4.26e-06   4.55e-06   4.39e-06   failed
 7100    273.67 (   1.47)    232.08 (   1.74)     56.22 (   7.17)     17.91 (  22.53)   4.55e-06   4.41e-06   4.58e-06   failed
 7200    278.37 (   1.49)    264.05 (   1.57)     49.71 (   8.34)     17.56 (  23.62)   4.22e-06   4.27e-06   4.21e-06   failed
 7300    279.23 (   1.53)    235.73 (   1.81)     50.80 (   8.39)     17.52 (  24.33)   5.24e-06   5.12e-06   5.04e-06   failed
 7400    280.54 (   1.56)    236.34 (   1.85)     51.65 (   8.48)     17.61 (  24.88)   4.60e-06   4.37e-06   4.52e-06   failed
 7500    282.18 (   1.60)    235.77 (   1.91)     52.00 (   8.66)     17.76 (  25.35)   5.21e-06   4.73e-06   4.97e-06   failed
 7600    288.17 (   1.60)    240.57 (   1.92)     52.78 (   8.76)     17.65 (  26.18)   4.72e-06   4.69e-06   4.97e-06   failed
 7700    288.05 (   1.65)    234.87 (   2.02)     53.40 (   8.88)     16.58 (  28.61)   4.32e-06   4.09e-06   4.32e-06   failed
 7800    290.45 (   1.68)    236.11 (   2.06)     54.22 (   8.98)     17.44 (  27.92)   4.46e-06   4.44e-06   4.60e-06   failed
 7900    283.08 (   1.76)    238.01 (   2.10)     54.64 (   9.14)     17.63 (  28.33)   4.46e-06   4.52e-06   4.59e-06   failed
 8000    284.83 (   1.80)    266.16 (   1.92)     55.18 (   9.28)     17.62 (  29.06)   5.27e-06   4.86e-06   4.56e-06   failed
 8100    285.15 (   1.84)    239.94 (   2.19)     56.10 (   9.36)     17.51 (  29.98)   4.34e-06   4.73e-06   4.33e-06   failed
 8200    279.18 (   1.93)    236.82 (   2.27)     51.46 (  10.45)     15.26 (  35.25)   4.80e-06   4.50e-06   4.77e-06   failed
 8300    284.90 (   1.93)    237.39 (   2.32)     50.96 (  10.82)     16.33 (  33.75)   5.24e-06   4.67e-06   4.71e-06   failed
 8400    275.54 (   2.05)    239.22 (   2.36)     51.64 (  10.93)     17.48 (  32.30)   5.19e-06   4.73e-06   5.00e-06   failed
 8500    282.83 (   2.04)    240.19 (   2.41)     52.42 (  11.03)     17.69 (  32.68)   5.19e-06   5.32e-06   5.76e-06   failed
 8600    277.33 (   2.13)    239.49 (   2.47)     53.07 (  11.15)     17.58 (  33.67)   5.26e-06   5.40e-06   5.19e-06   failed
 8700    279.48 (   2.17)    238.42 (   2.54)     53.38 (  11.34)     17.01 (  35.61)   5.61e-06   5.89e-06   5.50e-06   failed
 8800    272.11 (   2.28)    267.76 (   2.31)     54.03 (  11.47)     16.51 (  37.54)   5.56e-06   6.12e-06   5.88e-06   failed
 8900    275.67 (   2.30)    241.99 (   2.62)     54.68 (  11.59)     17.40 (  36.43)   5.21e-06   5.30e-06   5.21e-06   failed
 9000    274.03 (   2.37)    238.98 (   2.71)     55.44 (  11.69)     16.98 (  38.17)   5.86e-06   5.36e-06   5.21e-06   failed
10000    274.49 (   2.91)    246.94 (   3.24)     55.32 (  14.46)     17.31 (  46.23)   6.36e-06   6.46e-06   6.26e-06   failed
12000    274.26 (   4.20)    280.47 (   4.11)     55.04 (  20.93)     17.06 (  67.55)   6.27e-06   6.43e-06   6.34e-06   failed
14000    292.13 (   5.37)    252.32 (   6.22)     55.11 (  28.45)     16.79 (  93.39)   6.79e-06   6.49e-06   6.80e-06   failed
16000    295.55 (   6.93)    288.43 (   7.10)     54.95 (  37.27)     15.60 ( 131.33)   8.87e-06   8.64e-06   9.27e-06   failed
18000    284.73 (   9.10)    258.53 (  10.03)     54.31 (  47.73)     16.48 ( 157.29)   7.91e-06   8.04e-06   8.33e-06   failed
20000    289.58 (  11.05)    293.12 (  10.92)     53.44 (  59.88)     17.02 ( 187.98)   9.58e-06   1.02e-05   9.50e-06   failed
Sat Sep 12 11:02:52 EDT 2015
