
Sat Sep 12 10:54:33 EDT 2015
numactl --interleave=all ../testing/testing_dsymv -L -N 123 -N 1234 --range 10:90:1 --range 100:900:10 --range 1000:9000:100 --range 10000:20000:2000 --lapack
% MAGMA 1.7.0  compiled for CUDA capability >= 3.5, 32-bit magma_int_t, 64-bit pointer.
% CUDA runtime 7000, driver 7000. OpenMP threads 16. MKL 11.2.2, MKL threads 16. 
% device 0: Tesla K40c, 745.0 MHz clock, 11519.6 MB memory, capability 3.5
% device 1: Tesla K40c, 745.0 MHz clock, 11519.6 MB memory, capability 3.5
% device 2: Tesla K40c, 745.0 MHz clock, 11519.6 MB memory, capability 3.5
% Sat Sep 12 10:54:39 2015
% Usage: ../testing/testing_dsymv [options] [-h|--help]

% uplo = Lower
%   N   MAGMA Gflop/s (ms)    Atomics Gflop/s      CUBLAS Gflop/s       CPU Gflop/s   MAGMA error  Atomics    CUBLAS
%=====================================================================================================================
  123      0.59 (   0.05)      0.61 (   0.05)      0.48 (   0.06)      0.48 (   0.06)   2.31e-16   2.89e-16   2.89e-16   ok
 1234     15.72 (   0.19)     20.89 (   0.15)     13.02 (   0.23)      6.25 (   0.49)   1.01e-15   1.01e-15   1.01e-15   ok
   10      0.01 (   0.04)      0.01 (   0.03)      0.01 (   0.03)      0.08 (   0.00)   1.78e-16   8.88e-17   8.88e-17   ok
   11      0.01 (   0.04)      0.01 (   0.03)      0.01 (   0.03)      0.12 (   0.00)   4.04e-17   8.07e-17   8.07e-17   ok
   12      0.01 (   0.04)      0.01 (   0.03)      0.01 (   0.03)      0.16 (   0.00)   1.11e-16   3.70e-17   3.70e-17   ok
   13      0.01 (   0.04)      0.01 (   0.03)      0.01 (   0.03)      0.17 (   0.00)   6.83e-17   6.83e-17   6.83e-17   ok
   14      0.01 (   0.04)      0.01 (   0.03)      0.02 (   0.03)      0.22 (   0.00)   6.34e-17   6.34e-17   6.34e-17   ok
   15      0.01 (   0.04)      0.02 (   0.03)      0.02 (   0.03)      0.17 (   0.00)   1.18e-16   1.18e-16   1.18e-16   ok
   16      0.01 (   0.04)      0.02 (   0.03)      0.02 (   0.03)      0.25 (   0.00)   1.11e-16   1.11e-16   1.11e-16   ok
   17      0.02 (   0.04)      0.02 (   0.03)      0.02 (   0.03)      0.32 (   0.00)   1.04e-16   1.04e-16   1.57e-16   ok
   18      0.02 (   0.04)      0.02 (   0.03)      0.03 (   0.03)      0.36 (   0.00)   9.87e-17   1.48e-16   9.87e-17   ok
   19      0.02 (   0.04)      0.03 (   0.03)      0.03 (   0.03)      0.35 (   0.00)   4.67e-17   4.67e-17   4.67e-17   ok
   20      0.02 (   0.04)      0.03 (   0.03)      0.03 (   0.03)      0.29 (   0.00)   8.88e-17   8.88e-17   8.88e-17   ok
   21      0.03 (   0.04)      0.03 (   0.03)      0.04 (   0.02)      0.30 (   0.00)   8.46e-17   1.69e-16   8.46e-17   ok
   22      0.03 (   0.04)      0.03 (   0.03)      0.04 (   0.03)      0.25 (   0.00)   1.61e-16   1.61e-16   1.61e-16   ok
   23      0.03 (   0.04)      0.04 (   0.03)      0.04 (   0.03)      0.36 (   0.00)   1.54e-16   1.54e-16   1.54e-16   ok
   24      0.03 (   0.04)      0.04 (   0.03)      0.05 (   0.03)      0.42 (   0.00)   1.48e-16   1.48e-16   1.48e-16   ok
   25      0.04 (   0.04)      0.04 (   0.03)      0.05 (   0.03)      0.45 (   0.00)   7.11e-17   7.11e-17   7.11e-17   ok
   26      0.04 (   0.04)      0.05 (   0.03)      0.05 (   0.03)      0.49 (   0.00)   1.37e-16   1.37e-16   1.37e-16   ok
   27      0.04 (   0.04)      0.05 (   0.03)      0.05 (   0.03)      0.49 (   0.00)   1.32e-16   1.32e-16   1.32e-16   ok
   28      0.04 (   0.04)      0.05 (   0.03)      0.06 (   0.03)      0.85 (   0.00)   1.90e-16   1.90e-16   1.27e-16   ok
   29      0.05 (   0.04)      0.06 (   0.03)      0.06 (   0.03)      0.61 (   0.00)   1.23e-16   1.23e-16   1.23e-16   ok
   30      0.05 (   0.04)      0.06 (   0.03)      0.07 (   0.03)      0.65 (   0.00)   1.18e-16   1.18e-16   1.18e-16   ok
   31      0.05 (   0.04)      0.06 (   0.03)      0.07 (   0.03)      0.64 (   0.00)   1.15e-16   1.15e-16   1.15e-16   ok
   32      0.06 (   0.04)      0.07 (   0.03)      0.08 (   0.03)      0.52 (   0.00)   1.11e-16   1.11e-16   1.11e-16   ok
   33      0.06 (   0.04)      0.06 (   0.04)      0.08 (   0.03)      0.55 (   0.00)   1.61e-16   1.08e-16   1.08e-16   ok
   34      0.06 (   0.04)      0.06 (   0.04)      0.08 (   0.03)      0.59 (   0.00)   2.09e-16   2.09e-16   1.57e-16   ok
   35      0.07 (   0.04)      0.07 (   0.04)      0.09 (   0.03)      0.81 (   0.00)   1.02e-16   1.52e-16   1.02e-16   ok
   36      0.07 (   0.04)      0.07 (   0.04)      0.10 (   0.03)      0.93 (   0.00)   1.48e-16   1.48e-16   1.48e-16   ok
   37      0.07 (   0.04)      0.07 (   0.04)      0.10 (   0.03)      0.69 (   0.00)   1.44e-16   9.60e-17   1.44e-16   ok
   38      0.08 (   0.04)      0.08 (   0.04)      0.11 (   0.03)      0.96 (   0.00)   1.40e-16   9.35e-17   1.40e-16   ok
   39      0.08 (   0.04)      0.07 (   0.04)      0.11 (   0.03)      0.82 (   0.00)   1.37e-16   9.11e-17   9.11e-17   ok
   40      0.08 (   0.04)      0.09 (   0.04)      0.12 (   0.03)      0.81 (   0.00)   8.88e-17   1.33e-16   8.88e-17   ok
   41      0.09 (   0.04)      0.09 (   0.04)      0.12 (   0.03)      0.85 (   0.00)   1.73e-16   1.73e-16   1.73e-16   ok
   42      0.10 (   0.04)      0.10 (   0.04)      0.12 (   0.03)      0.89 (   0.00)   2.11e-16   1.27e-16   8.46e-17   ok
   43      0.10 (   0.04)      0.10 (   0.04)      0.13 (   0.03)      0.93 (   0.00)   1.65e-16   1.65e-16   1.65e-16   ok
   44      0.10 (   0.04)      0.10 (   0.04)      0.12 (   0.03)      0.98 (   0.00)   1.21e-16   1.61e-16   1.61e-16   ok
   45      0.11 (   0.04)      0.11 (   0.04)      0.14 (   0.03)      1.09 (   0.00)   1.18e-16   1.58e-16   1.18e-16   ok
   46      0.10 (   0.04)      0.12 (   0.04)      0.15 (   0.03)      1.07 (   0.00)   1.54e-16   1.54e-16   1.54e-16   ok
   47      0.12 (   0.04)      0.12 (   0.04)      0.16 (   0.03)      1.11 (   0.00)   1.51e-16   1.51e-16   1.51e-16   ok
   48      0.13 (   0.04)      0.13 (   0.04)      0.17 (   0.03)      1.16 (   0.00)   2.22e-16   2.22e-16   2.22e-16   ok
   49      0.14 (   0.04)      0.14 (   0.04)      0.17 (   0.03)      1.21 (   0.00)   1.45e-16   2.18e-16   1.45e-16   ok
   50      0.13 (   0.04)      0.14 (   0.04)      0.18 (   0.03)      1.02 (   0.01)   2.13e-16   2.13e-16   1.42e-16   ok
   51      0.15 (   0.04)      0.14 (   0.04)      0.18 (   0.03)      1.06 (   0.01)   2.09e-16   1.39e-16   1.39e-16   ok
   52      0.15 (   0.04)      0.15 (   0.04)      0.20 (   0.03)      1.36 (   0.00)   1.37e-16   1.37e-16   1.37e-16   ok
   53      0.15 (   0.04)      0.15 (   0.04)      0.20 (   0.03)      1.14 (   0.01)   1.34e-16   2.01e-16   1.34e-16   ok
   54      0.16 (   0.04)      0.16 (   0.04)      0.20 (   0.03)      1.47 (   0.00)   1.32e-16   1.32e-16   1.32e-16   ok
   55      0.17 (   0.04)      0.16 (   0.04)      0.22 (   0.03)      1.23 (   0.01)   1.29e-16   1.94e-16   1.29e-16   ok
   56      0.18 (   0.04)      0.17 (   0.04)      0.23 (   0.03)      1.58 (   0.00)   3.17e-16   1.90e-16   1.90e-16   ok
   57      0.18 (   0.04)      0.17 (   0.04)      0.24 (   0.03)      1.32 (   0.01)   1.87e-16   1.87e-16   1.87e-16   ok
   58      0.17 (   0.04)      0.18 (   0.04)      0.24 (   0.03)      1.37 (   0.01)   1.23e-16   1.23e-16   1.23e-16   ok
   59      0.19 (   0.04)      0.19 (   0.04)      0.24 (   0.03)      1.41 (   0.01)   1.81e-16   1.81e-16   1.20e-16   ok
   60      0.20 (   0.04)      0.18 (   0.04)      0.24 (   0.03)      1.46 (   0.01)   1.78e-16   1.18e-16   1.18e-16   ok
   61      0.19 (   0.04)      0.19 (   0.04)      0.26 (   0.03)      1.51 (   0.01)   2.33e-16   1.75e-16   1.75e-16   ok
   62      0.21 (   0.04)      0.20 (   0.04)      0.26 (   0.03)      1.56 (   0.01)   1.72e-16   1.72e-16   1.15e-16   ok
   63      0.21 (   0.04)      0.21 (   0.04)      0.27 (   0.03)      1.35 (   0.01)   1.13e-16   1.13e-16   1.13e-16   ok
   64      0.22 (   0.04)      0.22 (   0.04)      0.29 (   0.03)      1.40 (   0.01)   1.67e-16   1.11e-16   2.22e-16   ok
   65      0.20 (   0.04)      0.21 (   0.04)      0.27 (   0.03)      1.38 (   0.01)   2.19e-16   1.64e-16   1.64e-16   ok
   66      0.20 (   0.05)      0.22 (   0.04)      0.29 (   0.03)      1.48 (   0.01)   2.15e-16   2.69e-16   2.15e-16   ok
   67      0.21 (   0.04)      0.23 (   0.04)      0.27 (   0.03)      1.27 (   0.01)   1.59e-16   1.59e-16   1.59e-16   ok
   68      0.20 (   0.05)      0.23 (   0.04)      0.29 (   0.03)      1.57 (   0.01)   1.57e-16   1.57e-16   1.04e-16   ok
   69      0.22 (   0.04)      0.24 (   0.04)      0.30 (   0.03)      1.56 (   0.01)   1.54e-16   1.54e-16   1.54e-16   ok
   70      0.22 (   0.05)      0.25 (   0.04)      0.31 (   0.03)      1.60 (   0.01)   2.03e-16   2.54e-16   2.54e-16   ok
   71      0.24 (   0.04)      0.25 (   0.04)      0.33 (   0.03)      1.43 (   0.01)   2.50e-16   2.00e-16   2.00e-16   ok
   72      0.23 (   0.05)      0.26 (   0.04)      0.33 (   0.03)      1.70 (   0.01)   1.97e-16   1.97e-16   1.48e-16   ok
   73      0.25 (   0.04)      0.26 (   0.04)      0.33 (   0.03)      1.81 (   0.01)   1.95e-16   1.95e-16   1.95e-16   ok
   74      0.25 (   0.04)      0.28 (   0.04)      0.36 (   0.03)      1.86 (   0.01)   1.44e-16   1.92e-16   1.92e-16   ok
   75      0.27 (   0.04)      0.29 (   0.04)      0.37 (   0.03)      1.65 (   0.01)   2.37e-16   1.89e-16   1.89e-16   ok
   76      0.28 (   0.04)      0.30 (   0.04)      0.38 (   0.03)      1.96 (   0.01)   1.40e-16   2.34e-16   1.87e-16   ok
   77      0.28 (   0.04)      0.29 (   0.04)      0.38 (   0.03)      1.68 (   0.01)   2.77e-16   1.85e-16   1.85e-16   ok
   78      0.29 (   0.04)      0.31 (   0.04)      0.40 (   0.03)      1.78 (   0.01)   2.28e-16   2.73e-16   2.28e-16   ok
   79      0.29 (   0.04)      0.31 (   0.04)      0.38 (   0.03)      1.83 (   0.01)   1.80e-16   2.25e-16   1.80e-16   ok
   80      0.29 (   0.04)      0.32 (   0.04)      0.39 (   0.03)      1.87 (   0.01)   2.66e-16   1.78e-16   1.78e-16   ok
   81      0.30 (   0.04)      0.32 (   0.04)      0.35 (   0.04)      1.64 (   0.01)   2.63e-16   2.19e-16   1.75e-16   ok
   82      0.30 (   0.05)      0.33 (   0.04)      0.41 (   0.03)      1.68 (   0.01)   1.73e-16   1.73e-16   1.30e-16   ok
   83      0.30 (   0.05)      0.34 (   0.04)      0.42 (   0.03)      1.77 (   0.01)   1.71e-16   1.71e-16   1.71e-16   ok
   84      0.32 (   0.04)      0.34 (   0.04)      0.43 (   0.03)      1.76 (   0.01)   2.11e-16   2.11e-16   1.69e-16   ok
   85      0.34 (   0.04)      0.36 (   0.04)      0.44 (   0.03)      1.80 (   0.01)   1.67e-16   1.67e-16   2.09e-16   ok
   86      0.33 (   0.05)      0.36 (   0.04)      0.45 (   0.03)      1.85 (   0.01)   1.65e-16   2.07e-16   1.65e-16   ok
   87      0.33 (   0.05)      0.36 (   0.04)      0.47 (   0.03)      1.69 (   0.01)   2.45e-16   2.45e-16   2.45e-16   ok
   88      0.34 (   0.05)      0.37 (   0.04)      0.46 (   0.03)      1.99 (   0.01)   1.61e-16   1.61e-16   1.61e-16   ok
   89      0.34 (   0.05)      0.38 (   0.04)      0.50 (   0.03)      1.82 (   0.01)   2.40e-16   1.60e-16   1.60e-16   ok
   90      0.38 (   0.04)      0.41 (   0.04)      0.53 (   0.03)      2.08 (   0.01)   2.37e-16   2.37e-16   1.58e-16   ok
  100      0.46 (   0.04)      0.48 (   0.04)      0.60 (   0.03)      2.57 (   0.01)   1.78e-16   2.13e-16   2.13e-16   ok
  110      0.53 (   0.05)      0.58 (   0.04)      0.70 (   0.04)      2.44 (   0.01)   2.58e-16   2.58e-16   3.23e-16   ok
  120      0.63 (   0.05)      0.66 (   0.04)      0.81 (   0.04)      2.65 (   0.01)   2.37e-16   2.96e-16   2.37e-16   ok
  130      0.66 (   0.05)      0.74 (   0.05)      0.92 (   0.04)      2.60 (   0.01)   2.19e-16   2.73e-16   2.19e-16   ok
  140      0.77 (   0.05)      0.86 (   0.05)      1.03 (   0.04)      2.81 (   0.01)   3.05e-16   2.54e-16   3.05e-16   ok
  150      0.85 (   0.05)      0.98 (   0.05)      1.23 (   0.04)      2.64 (   0.02)   2.37e-16   2.37e-16   2.84e-16   ok
  160      1.01 (   0.05)      1.12 (   0.05)      1.39 (   0.04)      3.00 (   0.02)   2.22e-16   1.78e-16   1.78e-16   ok
  170      1.07 (   0.05)      1.21 (   0.05)      1.50 (   0.04)      1.50 (   0.04)   4.18e-16   4.18e-16   4.18e-16   ok
  180      1.30 (   0.05)      1.36 (   0.05)      1.67 (   0.04)      1.76 (   0.04)   2.37e-16   2.76e-16   2.37e-16   ok
  190      1.45 (   0.05)      1.51 (   0.05)      1.90 (   0.04)      1.73 (   0.04)   3.74e-16   3.74e-16   3.74e-16   ok
  200      1.36 (   0.06)      1.58 (   0.05)      1.97 (   0.04)      1.83 (   0.04)   5.68e-16   6.39e-16   5.68e-16   ok
  210      1.47 (   0.06)      1.74 (   0.05)      2.11 (   0.04)      1.77 (   0.05)   4.74e-16   4.74e-16   4.74e-16   ok
  220      1.62 (   0.06)      1.87 (   0.05)      2.32 (   0.04)      1.80 (   0.05)   4.52e-16   3.88e-16   3.88e-16   ok
  230      1.83 (   0.06)      2.04 (   0.05)      2.48 (   0.04)      1.90 (   0.06)   4.33e-16   4.33e-16   3.71e-16   ok
  240      2.02 (   0.06)      2.10 (   0.06)      2.68 (   0.04)      2.23 (   0.05)   3.55e-16   2.96e-16   3.55e-16   ok
  250      2.17 (   0.06)      2.32 (   0.05)      2.85 (   0.04)      2.16 (   0.06)   3.41e-16   3.41e-16   3.41e-16   ok
  260      2.03 (   0.07)      2.48 (   0.05)      2.88 (   0.05)      3.23 (   0.04)   3.83e-16   3.28e-16   3.28e-16   ok
  270      2.28 (   0.06)      2.66 (   0.06)      3.04 (   0.05)      2.76 (   0.05)   4.74e-16   4.21e-16   4.21e-16   ok
  280      2.50 (   0.06)      2.92 (   0.05)      3.42 (   0.05)      3.08 (   0.05)   4.57e-16   4.06e-16   3.55e-16   ok
  290      2.59 (   0.07)      3.01 (   0.06)      3.44 (   0.05)      3.37 (   0.05)   4.41e-16   3.43e-16   4.41e-16   ok
  300      2.78 (   0.06)      3.17 (   0.06)      3.61 (   0.05)      3.28 (   0.06)   6.63e-16   4.74e-16   4.74e-16   ok
  310      3.01 (   0.06)      3.38 (   0.06)      3.87 (   0.05)      2.92 (   0.07)   4.13e-16   4.58e-16   4.58e-16   ok
  320      3.12 (   0.07)      3.67 (   0.06)      4.20 (   0.05)      3.16 (   0.07)   4.00e-16   4.00e-16   3.55e-16   ok
  330      3.03 (   0.07)      3.69 (   0.06)      4.20 (   0.05)      3.32 (   0.07)   6.03e-16   5.17e-16   5.17e-16   ok
  340      3.26 (   0.07)      3.86 (   0.06)      4.54 (   0.05)      3.27 (   0.07)   5.02e-16   4.60e-16   5.02e-16   ok
  350      3.57 (   0.07)      4.04 (   0.06)      4.73 (   0.05)      3.00 (   0.08)   4.06e-16   4.06e-16   4.87e-16   ok
  360      3.52 (   0.07)      4.26 (   0.06)      4.82 (   0.05)      3.38 (   0.08)   6.32e-16   4.74e-16   5.53e-16   ok
  370      3.81 (   0.07)      4.35 (   0.06)      5.01 (   0.05)      3.27 (   0.08)   5.38e-16   5.38e-16   5.38e-16   ok
  380      4.08 (   0.07)      4.65 (   0.06)      5.37 (   0.05)      3.49 (   0.08)   5.98e-16   5.98e-16   6.73e-16   ok
  390      3.96 (   0.08)      4.77 (   0.06)      5.44 (   0.06)      4.24 (   0.07)   6.56e-16   5.83e-16   5.10e-16   ok
  400      4.17 (   0.08)      5.10 (   0.06)      5.73 (   0.06)      4.86 (   0.07)   8.53e-16   7.82e-16   7.11e-16   ok
  410      4.43 (   0.08)      5.03 (   0.07)      6.02 (   0.06)      5.03 (   0.07)   4.85e-16   4.85e-16   4.85e-16   ok
  420      4.48 (   0.08)      5.28 (   0.07)      6.10 (   0.06)      5.05 (   0.07)   6.77e-16   6.77e-16   5.41e-16   ok
  430      4.75 (   0.08)      5.45 (   0.07)      6.29 (   0.06)      4.26 (   0.09)   6.61e-16   7.27e-16   5.95e-16   ok
  440      4.73 (   0.08)      5.71 (   0.07)      6.46 (   0.06)      4.68 (   0.08)   5.17e-16   5.17e-16   5.17e-16   ok
  450      4.77 (   0.09)      5.79 (   0.07)      6.33 (   0.06)      4.82 (   0.08)   5.05e-16   5.05e-16   5.05e-16   ok
  460      5.11 (   0.08)      6.24 (   0.07)      6.95 (   0.06)      4.87 (   0.09)   8.65e-16   8.03e-16   7.41e-16   ok
  470      5.26 (   0.08)      6.52 (   0.07)      7.25 (   0.06)      4.43 (   0.10)   6.05e-16   6.05e-16   6.05e-16   ok
  480      5.78 (   0.08)      6.89 (   0.07)      7.69 (   0.06)      4.44 (   0.10)   6.51e-16   6.51e-16   6.51e-16   ok
  490      5.94 (   0.08)      6.89 (   0.07)      7.29 (   0.07)      4.76 (   0.10)   7.54e-16   7.54e-16   7.54e-16   ok
  500      5.95 (   0.08)      7.15 (   0.07)      7.70 (   0.07)      4.59 (   0.11)   8.53e-16   7.96e-16   8.53e-16   ok
  510      6.51 (   0.08)      7.44 (   0.07)      8.16 (   0.06)      4.49 (   0.12)   8.36e-16   7.80e-16   7.80e-16   ok
  520      5.96 (   0.09)      7.53 (   0.07)      8.09 (   0.07)      6.23 (   0.09)   7.65e-16   6.01e-16   5.47e-16   ok
  530      6.25 (   0.09)      7.72 (   0.07)      8.25 (   0.07)      6.61 (   0.09)   6.97e-16   6.44e-16   6.44e-16   ok
  540      6.64 (   0.09)      7.88 (   0.07)      8.34 (   0.07)      6.22 (   0.09)   6.84e-16   5.79e-16   5.26e-16   ok
  550      6.67 (   0.09)      7.97 (   0.08)      8.53 (   0.07)      5.56 (   0.11)   5.17e-16   5.17e-16   6.20e-16   ok
  560      6.97 (   0.09)      8.37 (   0.08)      8.87 (   0.07)      5.56 (   0.11)   5.58e-16   5.58e-16   6.09e-16   ok
  570      7.07 (   0.09)      8.56 (   0.08)      9.04 (   0.07)      5.52 (   0.12)   8.48e-16   6.98e-16   7.98e-16   ok
  580      6.95 (   0.10)      8.75 (   0.08)      9.36 (   0.07)      5.85 (   0.12)   6.86e-16   6.86e-16   6.37e-16   ok
  590      6.96 (   0.10)      8.95 (   0.08)      9.44 (   0.07)      5.45 (   0.13)   8.19e-16   8.19e-16   7.23e-16   ok
  600      7.20 (   0.10)      8.92 (   0.08)      9.76 (   0.07)      5.50 (   0.13)   7.58e-16   7.58e-16   7.58e-16   ok
  610      7.52 (   0.10)      8.98 (   0.08)      9.80 (   0.08)      5.64 (   0.13)   6.52e-16   5.13e-16   6.06e-16   ok
  620      7.69 (   0.10)      9.18 (   0.08)     10.00 (   0.08)      5.59 (   0.14)   5.96e-16   6.42e-16   5.96e-16   ok
  630      8.04 (   0.10)      9.47 (   0.08)     10.45 (   0.08)      5.56 (   0.14)   6.77e-16   7.22e-16   6.77e-16   ok
  640      7.89 (   0.10)      9.53 (   0.09)     10.65 (   0.08)      7.34 (   0.11)   5.77e-16   6.22e-16   5.77e-16   ok
  650      7.91 (   0.11)      9.73 (   0.09)     10.86 (   0.08)      7.63 (   0.11)   7.00e-16   6.12e-16   6.12e-16   ok
  660      8.08 (   0.11)      9.79 (   0.09)     10.89 (   0.08)      7.45 (   0.12)   7.32e-16   6.46e-16   6.46e-16   ok
  670      8.33 (   0.11)     10.00 (   0.09)     11.12 (   0.08)      6.51 (   0.14)   5.51e-16   5.51e-16   5.51e-16   ok
  680      8.50 (   0.11)     10.30 (   0.09)     11.60 (   0.08)      6.56 (   0.14)   5.85e-16   5.85e-16   6.69e-16   ok
  690      8.68 (   0.11)     10.36 (   0.09)     11.46 (   0.08)      6.45 (   0.15)   6.18e-16   5.77e-16   4.94e-16   ok
  700      8.78 (   0.11)     10.55 (   0.09)     11.83 (   0.08)      6.63 (   0.15)   6.50e-16   6.90e-16   7.31e-16   ok
  710      8.55 (   0.12)     10.64 (   0.09)     12.03 (   0.08)      6.23 (   0.16)   1.04e-15   9.61e-16   8.81e-16   ok
  720      8.94 (   0.12)     11.17 (   0.09)     12.51 (   0.08)      6.57 (   0.16)   9.47e-16   9.47e-16   9.47e-16   ok
  730      9.21 (   0.12)     11.25 (   0.09)     12.00 (   0.09)      6.71 (   0.16)   8.57e-16   7.79e-16   7.01e-16   ok
  740      9.39 (   0.12)     11.41 (   0.10)     12.33 (   0.09)      6.76 (   0.16)   7.68e-16   6.91e-16   6.91e-16   ok
  750      9.55 (   0.12)     11.72 (   0.10)     12.40 (   0.09)      6.39 (   0.18)   7.58e-16   7.58e-16   8.34e-16   ok
  760      9.55 (   0.12)     11.80 (   0.10)     12.87 (   0.09)      6.54 (   0.18)   6.73e-16   5.98e-16   5.98e-16   ok
  770      9.65 (   0.12)     11.97 (   0.10)     12.90 (   0.09)      8.08 (   0.15)   7.38e-16   5.91e-16   6.64e-16   ok
  780      9.68 (   0.13)     12.31 (   0.10)     12.68 (   0.10)      8.18 (   0.15)   1.02e-15   1.02e-15   9.47e-16   ok
  790     10.16 (   0.12)     12.36 (   0.10)     13.44 (   0.09)      7.66 (   0.16)   7.91e-16   7.20e-16   7.91e-16   ok
  800     10.24 (   0.13)     12.68 (   0.10)     13.64 (   0.09)      7.59 (   0.17)   8.53e-16   8.53e-16   7.82e-16   ok
  810     10.44 (   0.13)     12.76 (   0.10)     13.67 (   0.10)      7.30 (   0.18)   9.82e-16   8.42e-16   8.42e-16   ok
  820     10.60 (   0.13)     12.95 (   0.10)     14.19 (   0.09)      7.44 (   0.18)   8.32e-16   8.32e-16   8.32e-16   ok
  830     10.69 (   0.13)     13.24 (   0.10)     14.36 (   0.10)      7.38 (   0.19)   1.03e-15   9.59e-16   8.90e-16   ok
  840     10.62 (   0.13)     13.32 (   0.11)     14.56 (   0.10)      7.65 (   0.18)   7.44e-16   8.12e-16   8.80e-16   ok
  850     10.87 (   0.13)     13.67 (   0.11)     14.91 (   0.10)      7.45 (   0.19)   8.69e-16   9.36e-16   9.36e-16   ok
  860     11.05 (   0.13)     13.96 (   0.11)     14.82 (   0.10)      7.52 (   0.20)   9.91e-16   9.25e-16   1.06e-15   ok
  870     11.21 (   0.14)     13.91 (   0.11)     15.03 (   0.10)      7.22 (   0.21)   9.80e-16   7.84e-16   7.84e-16   ok
  880     11.57 (   0.13)     14.48 (   0.11)     15.48 (   0.10)      7.25 (   0.21)   8.40e-16   9.04e-16   9.04e-16   ok
  890     11.84 (   0.13)     14.43 (   0.11)     15.69 (   0.10)      7.14 (   0.22)   9.58e-16   8.94e-16   9.58e-16   ok
  900     11.49 (   0.14)     14.35 (   0.11)     15.60 (   0.10)      8.77 (   0.19)   1.01e-15   1.01e-15   1.01e-15   ok
 1000     13.08 (   0.15)     16.69 (   0.12)     17.39 (   0.12)      7.98 (   0.25)   1.08e-15   9.66e-16   1.02e-15   ok
 1100     14.25 (   0.17)     18.95 (   0.13)     11.94 (   0.20)      8.68 (   0.28)   1.09e-15   9.30e-16   9.82e-16   ok
 1200     16.01 (   0.18)     21.06 (   0.14)     12.99 (   0.22)      9.14 (   0.32)   9.47e-16   9.47e-16   9.00e-16   ok
 1300     16.83 (   0.20)     22.85 (   0.15)     13.64 (   0.25)      8.13 (   0.42)   8.31e-16   9.62e-16   1.01e-15   ok
 1400     19.13 (   0.21)     24.67 (   0.16)     15.21 (   0.26)      8.23 (   0.48)   1.14e-15   1.22e-15   1.06e-15   ok
 1500     20.01 (   0.23)     26.68 (   0.17)     16.02 (   0.28)      8.88 (   0.51)   1.29e-15   1.06e-15   1.21e-15   ok
 1600     21.45 (   0.24)     28.27 (   0.18)     16.68 (   0.31)      8.60 (   0.60)   1.28e-15   1.28e-15   1.28e-15   ok
 1700     22.23 (   0.26)     29.65 (   0.20)     17.38 (   0.33)      9.79 (   0.59)   1.20e-15   1.27e-15   1.27e-15   ok
 1800     24.09 (   0.27)     31.92 (   0.20)     18.37 (   0.35)      9.71 (   0.67)   1.14e-15   1.33e-15   1.26e-15   ok
 1900     25.25 (   0.29)     33.30 (   0.22)     19.36 (   0.37)      9.19 (   0.79)   1.56e-15   1.56e-15   1.62e-15   ok
 2000     26.17 (   0.31)     34.50 (   0.23)     20.31 (   0.39)      9.68 (   0.83)   1.53e-15   1.53e-15   1.48e-15   ok
 2100     27.56 (   0.32)     36.29 (   0.24)     15.24 (   0.58)      9.79 (   0.90)   1.57e-15   1.57e-15   1.52e-15   ok
 2200     28.81 (   0.34)     37.40 (   0.26)     16.27 (   0.60)     10.19 (   0.95)   1.65e-15   1.86e-15   1.71e-15   ok
 2300     30.49 (   0.35)     39.50 (   0.27)     16.75 (   0.63)     10.14 (   1.04)   1.58e-15   1.43e-15   1.43e-15   ok
 2400     32.01 (   0.36)     40.72 (   0.28)     17.67 (   0.65)     10.36 (   1.11)   1.47e-15   1.37e-15   1.42e-15   ok
 2500     32.48 (   0.39)     42.37 (   0.30)     18.29 (   0.68)     10.59 (   1.18)   1.64e-15   1.59e-15   1.59e-15   ok
 2600     33.65 (   0.40)     43.77 (   0.31)     18.78 (   0.72)     10.59 (   1.28)   1.62e-15   1.62e-15   1.53e-15   ok
 2700     35.75 (   0.41)     45.42 (   0.32)     19.68 (   0.74)     10.93 (   1.33)   1.39e-15   1.35e-15   1.52e-15   ok
 2800     35.97 (   0.44)     46.14 (   0.34)     19.91 (   0.79)     10.83 (   1.45)   1.54e-15   1.54e-15   1.54e-15   ok
 2900     37.56 (   0.45)     47.68 (   0.35)     20.95 (   0.80)     10.81 (   1.56)   1.72e-15   1.72e-15   1.72e-15   ok
 3000     38.63 (   0.47)     49.75 (   0.36)     21.61 (   0.83)     11.28 (   1.60)   1.67e-15   1.59e-15   1.59e-15   ok
 3100     39.72 (   0.48)     50.06 (   0.38)     17.46 (   1.10)     11.06 (   1.74)   2.05e-15   2.05e-15   2.13e-15   ok
 3200     41.31 (   0.50)     52.14 (   0.39)     18.10 (   1.13)     11.23 (   1.82)   1.85e-15   1.99e-15   1.63e-15   ok
 3300     42.38 (   0.51)     52.25 (   0.42)     18.59 (   1.17)     11.04 (   1.97)   2.00e-15   1.86e-15   1.86e-15   ok
 3400     43.15 (   0.54)     53.80 (   0.43)     19.11 (   1.21)     11.21 (   2.06)   1.94e-15   2.14e-15   1.94e-15   ok
 3500     44.06 (   0.56)     55.20 (   0.44)     19.70 (   1.24)     11.74 (   2.09)   2.01e-15   2.08e-15   2.14e-15   ok
 3600     45.81 (   0.57)     56.00 (   0.46)     20.15 (   1.29)     11.81 (   2.19)   2.21e-15   2.15e-15   2.21e-15   ok
 3700     46.26 (   0.59)     58.76 (   0.47)     20.65 (   1.33)     11.35 (   2.41)   2.09e-15   2.09e-15   1.97e-15   ok
 3800     47.83 (   0.60)     58.70 (   0.49)     21.02 (   1.37)     11.75 (   2.46)   2.21e-15   1.97e-15   2.15e-15   ok
 3900     48.45 (   0.63)     59.33 (   0.51)     21.73 (   1.40)     11.44 (   2.66)   2.16e-15   2.16e-15   1.92e-15   ok
 4000     48.00 (   0.67)     60.97 (   0.52)     22.02 (   1.45)     11.89 (   2.69)   2.22e-15   2.22e-15   2.16e-15   ok
 4100     47.03 (   0.72)     60.69 (   0.55)     18.23 (   1.84)     12.25 (   2.75)   1.94e-15   2.05e-15   2.11e-15   ok
 4200     47.30 (   0.75)     62.90 (   0.56)     18.99 (   1.86)     11.88 (   2.97)   1.84e-15   2.11e-15   2.11e-15   ok
 4300     47.85 (   0.77)     63.66 (   0.58)     19.51 (   1.90)     11.94 (   3.10)   2.54e-15   2.59e-15   2.54e-15   ok
 4400     48.29 (   0.80)     65.87 (   0.59)     19.90 (   1.95)     12.02 (   3.22)   2.22e-15   2.17e-15   2.33e-15   ok
 4500     48.81 (   0.83)     65.12 (   0.62)     20.39 (   1.99)     12.08 (   3.35)   2.37e-15   2.27e-15   2.37e-15   ok
 4600     49.91 (   0.85)     64.91 (   0.65)     20.77 (   2.04)     12.37 (   3.42)   2.22e-15   2.13e-15   2.08e-15   ok
 4700     49.98 (   0.88)     65.28 (   0.68)     21.20 (   2.08)     12.02 (   3.67)   2.90e-15   2.47e-15   2.52e-15   ok
 4800     49.71 (   0.93)     66.32 (   0.69)     21.58 (   2.14)     12.64 (   3.65)   2.27e-15   2.37e-15   2.46e-15   ok
 4900     49.81 (   0.96)     66.16 (   0.73)     21.95 (   2.19)     12.18 (   3.94)   2.27e-15   2.23e-15   2.13e-15   ok
 5000     50.01 (   1.00)     67.04 (   0.75)     22.14 (   2.26)     12.41 (   4.03)   2.32e-15   2.27e-15   2.18e-15   ok
 5100     51.42 (   1.01)     66.80 (   0.78)     22.66 (   2.30)     12.40 (   4.20)   2.14e-15   2.14e-15   2.10e-15   ok
 5200     51.03 (   1.06)     67.28 (   0.80)     19.77 (   2.74)     12.34 (   4.38)   2.54e-15   2.54e-15   2.45e-15   ok
 5300     51.22 (   1.10)     67.78 (   0.83)     20.15 (   2.79)     12.44 (   4.52)   2.15e-15   1.93e-15   2.10e-15   ok
 5400     51.66 (   1.13)     68.23 (   0.85)     20.42 (   2.86)     12.63 (   4.62)   2.11e-15   1.98e-15   2.06e-15   ok
 5500     52.38 (   1.16)     68.23 (   0.89)     20.62 (   2.93)     12.49 (   4.84)   1.98e-15   2.23e-15   2.11e-15   ok
 5600     52.98 (   1.18)     67.88 (   0.92)     21.24 (   2.95)     12.69 (   4.94)   2.19e-15   2.44e-15   2.35e-15   ok
 5700     53.27 (   1.22)     67.76 (   0.96)     21.39 (   3.04)     12.56 (   5.17)   2.55e-15   2.39e-15   2.47e-15   ok
 5800     52.85 (   1.27)     67.96 (   0.99)     21.74 (   3.10)     12.93 (   5.21)   2.43e-15   2.35e-15   2.20e-15   ok
 5900     53.73 (   1.30)     67.67 (   1.03)     22.10 (   3.15)     12.72 (   5.48)   2.54e-15   2.31e-15   2.31e-15   ok
 6000     53.58 (   1.34)     67.43 (   1.07)     22.44 (   3.21)     12.59 (   5.72)   2.80e-15   2.50e-15   2.58e-15   ok
 6100     54.41 (   1.37)     68.54 (   1.09)     22.77 (   3.27)     12.85 (   5.79)   2.53e-15   2.16e-15   2.24e-15   ok
 6200     54.73 (   1.41)     67.70 (   1.14)     20.19 (   3.81)     12.71 (   6.05)   2.49e-15   2.57e-15   2.42e-15   ok
 6300     54.61 (   1.45)     67.79 (   1.17)     20.63 (   3.85)     11.99 (   6.62)   2.53e-15   2.45e-15   2.67e-15   ok
 6400     55.39 (   1.48)     66.94 (   1.22)     20.79 (   3.94)     12.24 (   6.69)   2.98e-15   2.70e-15   2.49e-15   ok
 6500     55.93 (   1.51)     68.43 (   1.24)     20.98 (   4.03)     12.20 (   6.93)   2.59e-15   2.59e-15   2.45e-15   ok
 6600     56.95 (   1.53)     68.77 (   1.27)     21.40 (   4.07)     13.12 (   6.64)   2.82e-15   3.03e-15   3.24e-15   ok
 6700     57.16 (   1.57)     68.70 (   1.31)     21.58 (   4.16)     12.92 (   6.95)   3.67e-15   3.46e-15   3.67e-15   failed
 6800     56.47 (   1.64)     68.77 (   1.34)     21.92 (   4.22)     13.20 (   7.00)   3.21e-15   3.21e-15   3.41e-15   failed
 6900     57.86 (   1.65)     68.71 (   1.39)     22.00 (   4.33)     13.21 (   7.21)   3.23e-15   2.83e-15   3.10e-15   ok
 7000     57.29 (   1.71)     69.27 (   1.42)     22.54 (   4.35)     13.24 (   7.40)   2.99e-15   2.79e-15   2.73e-15   ok
 7100     57.65 (   1.75)     68.93 (   1.46)     22.70 (   4.44)     13.15 (   7.67)   2.82e-15   3.07e-15   2.82e-15   ok
 7200     58.99 (   1.76)     68.49 (   1.51)     20.49 (   5.06)     13.31 (   7.79)   3.16e-15   2.91e-15   3.03e-15   ok
 7300     58.70 (   1.82)     69.63 (   1.53)     20.72 (   5.14)     11.90 (   8.96)   3.05e-15   2.87e-15   2.74e-15   ok
 7400     58.86 (   1.86)     70.03 (   1.56)     21.09 (   5.19)     12.42 (   8.82)   3.13e-15   3.13e-15   3.07e-15   ok
 7500     59.28 (   1.90)     69.75 (   1.61)     21.21 (   5.31)     13.23 (   8.50)   2.97e-15   3.03e-15   3.27e-15   ok
 7600     60.15 (   1.92)     70.24 (   1.64)     21.25 (   5.44)     13.56 (   8.52)   3.23e-15   3.35e-15   3.29e-15   failed
 7700     59.48 (   1.99)     69.56 (   1.70)     21.78 (   5.44)     13.38 (   8.87)   2.78e-15   2.60e-15   2.60e-15   ok
 7800     60.10 (   2.02)     69.94 (   1.74)     22.13 (   5.50)     13.26 (   9.18)   2.62e-15   2.80e-15   3.09e-15   ok
 7900     59.30 (   2.10)     69.74 (   1.79)     22.30 (   5.60)     13.19 (   9.46)   2.88e-15   3.28e-15   3.34e-15   failed
 8000     59.49 (   2.15)     69.84 (   1.83)     22.48 (   5.69)     13.37 (   9.57)   2.90e-15   3.01e-15   3.30e-15   ok
 8100     59.81 (   2.19)     70.90 (   1.85)     22.78 (   5.76)     13.30 (   9.86)   3.26e-15   2.92e-15   2.86e-15   ok
 8200     60.23 (   2.23)     70.27 (   1.91)     20.56 (   6.54)     13.34 (  10.08)   3.33e-15   3.11e-15   3.33e-15   ok
 8300     60.44 (   2.28)     71.99 (   1.91)     20.47 (   6.73)     12.27 (  11.23)   3.51e-15   3.51e-15   3.45e-15   failed
 8400     59.45 (   2.37)     72.09 (   1.96)     21.17 (   6.67)     13.52 (  10.44)   2.92e-15   3.03e-15   2.87e-15   ok
 8500     60.75 (   2.38)     71.72 (   2.02)     21.46 (   6.73)     13.45 (  10.75)   3.69e-15   3.42e-15   3.32e-15   failed
 8600     60.21 (   2.46)     71.43 (   2.07)     21.66 (   6.83)     13.69 (  10.81)   2.86e-15   3.23e-15   3.01e-15   ok
 8700     60.15 (   2.52)     72.86 (   2.08)     21.87 (   6.92)     13.45 (  11.25)   3.55e-15   3.76e-15   3.71e-15   failed
 8800     59.74 (   2.59)     71.06 (   2.18)     22.09 (   7.01)     13.50 (  11.48)   3.36e-15   3.36e-15   3.67e-15   failed
 8900     59.81 (   2.65)     72.41 (   2.19)     22.27 (   7.11)     13.55 (  11.69)   3.37e-15   3.58e-15   3.27e-15   failed
 9000     60.54 (   2.68)     72.72 (   2.23)     22.26 (   7.28)     13.67 (  11.85)   4.19e-15   4.60e-15   4.55e-15   failed
10000     62.19 (   3.22)     73.00 (   2.74)     22.35 (   8.95)     13.92 (  14.37)   3.41e-15   3.59e-15   3.41e-15   failed
12000     63.23 (   4.55)     72.79 (   3.96)     21.94 (  13.13)     14.20 (  20.28)   3.87e-15   3.79e-15   4.24e-15   failed
14000     65.70 (   5.97)     74.63 (   5.25)     21.84 (  17.95)     14.41 (  27.20)   4.09e-15   3.90e-15   3.83e-15   failed
16000     66.71 (   7.68)     74.49 (   6.87)     22.46 (  22.80)     13.87 (  36.92)   4.72e-15   4.89e-15   4.77e-15   failed
18000     66.65 (   9.72)     75.07 (   8.63)     22.22 (  29.17)     14.30 (  45.32)   5.41e-15   5.10e-15   5.15e-15   failed
20000     67.73 (  11.81)     75.33 (  10.62)     21.30 (  37.56)     14.99 (  53.37)   5.32e-15   5.73e-15   5.82e-15   failed
Sat Sep 12 10:56:06 EDT 2015

Sat Sep 12 10:56:07 EDT 2015
numactl --interleave=all ../testing/testing_dsymv -U -N 123 -N 1234 --range 10:90:1 --range 100:900:10 --range 1000:9000:100 --range 10000:20000:2000 --lapack
% MAGMA 1.7.0  compiled for CUDA capability >= 3.5, 32-bit magma_int_t, 64-bit pointer.
% CUDA runtime 7000, driver 7000. OpenMP threads 16. MKL 11.2.2, MKL threads 16. 
% device 0: Tesla K40c, 745.0 MHz clock, 11519.6 MB memory, capability 3.5
% device 1: Tesla K40c, 745.0 MHz clock, 11519.6 MB memory, capability 3.5
% device 2: Tesla K40c, 745.0 MHz clock, 11519.6 MB memory, capability 3.5
% Sat Sep 12 10:56:13 2015
% Usage: ../testing/testing_dsymv [options] [-h|--help]

% uplo = Upper
%   N   MAGMA Gflop/s (ms)    Atomics Gflop/s      CUBLAS Gflop/s       CPU Gflop/s   MAGMA error  Atomics    CUBLAS
%=====================================================================================================================
  123      0.57 (   0.05)      0.62 (   0.05)      0.43 (   0.07)      0.45 (   0.07)   4.04e-16   3.47e-16   2.89e-16   ok
 1234     15.88 (   0.19)     18.13 (   0.17)     12.97 (   0.24)      5.33 (   0.57)   1.15e-15   1.11e-15   1.11e-15   ok
   10      0.01 (   0.04)      0.01 (   0.03)      0.01 (   0.03)      0.10 (   0.00)   8.88e-17   4.44e-17   8.88e-17   ok
   11      0.01 (   0.04)      0.01 (   0.03)      0.01 (   0.03)      0.12 (   0.00)   4.04e-17   8.07e-17   8.07e-17   ok
   12      0.01 (   0.04)      0.01 (   0.03)      0.01 (   0.03)      0.16 (   0.00)   7.40e-17   3.70e-17   3.70e-17   ok
   13      0.01 (   0.04)      0.01 (   0.03)      0.01 (   0.03)      0.17 (   0.00)   6.83e-17   6.83e-17   6.83e-17   ok
   14      0.01 (   0.04)      0.01 (   0.03)      0.01 (   0.03)      0.20 (   0.00)   6.34e-17   6.34e-17   6.34e-17   ok
   15      0.01 (   0.04)      0.02 (   0.03)      0.02 (   0.03)      0.17 (   0.00)   5.92e-17   5.92e-17   1.18e-16   ok
   16      0.01 (   0.04)      0.02 (   0.03)      0.02 (   0.03)      0.19 (   0.00)   1.11e-16   1.11e-16   5.55e-17   ok
   17      0.02 (   0.04)      0.02 (   0.03)      0.02 (   0.03)      0.32 (   0.00)   1.57e-16   2.09e-16   1.04e-16   ok
   18      0.02 (   0.04)      0.02 (   0.03)      0.03 (   0.03)      0.22 (   0.00)   1.48e-16   9.87e-17   9.87e-17   ok
   19      0.02 (   0.04)      0.03 (   0.03)      0.03 (   0.03)      0.40 (   0.00)   9.35e-17   9.35e-17   9.35e-17   ok
   20      0.02 (   0.04)      0.03 (   0.03)      0.03 (   0.03)      0.29 (   0.00)   8.88e-17   8.88e-17   8.88e-17   ok
   21      0.02 (   0.04)      0.03 (   0.03)      0.04 (   0.03)      0.43 (   0.00)   1.69e-16   8.46e-17   8.46e-17   ok
   22      0.03 (   0.04)      0.03 (   0.03)      0.04 (   0.03)      0.53 (   0.00)   1.61e-16   1.61e-16   1.61e-16   ok
   23      0.03 (   0.04)      0.04 (   0.03)      0.04 (   0.03)      0.36 (   0.00)   1.54e-16   7.72e-17   7.72e-17   ok
   24      0.03 (   0.04)      0.04 (   0.03)      0.04 (   0.03)      0.63 (   0.00)   1.48e-16   2.22e-16   1.48e-16   ok
   25      0.03 (   0.04)      0.04 (   0.03)      0.05 (   0.03)      0.42 (   0.00)   1.42e-16   1.42e-16   1.42e-16   ok
   26      0.04 (   0.04)      0.05 (   0.03)      0.05 (   0.03)      0.45 (   0.00)   2.05e-16   1.37e-16   2.05e-16   ok
   27      0.04 (   0.04)      0.05 (   0.03)      0.06 (   0.03)      0.53 (   0.00)   1.32e-16   1.32e-16   1.97e-16   ok
   28      0.05 (   0.04)      0.06 (   0.03)      0.06 (   0.03)      0.52 (   0.00)   1.27e-16   1.90e-16   1.27e-16   ok
   29      0.05 (   0.04)      0.06 (   0.03)      0.06 (   0.03)      0.56 (   0.00)   1.23e-16   1.84e-16   1.23e-16   ok
   30      0.05 (   0.04)      0.06 (   0.03)      0.07 (   0.03)      0.65 (   0.00)   1.78e-16   1.18e-16   1.78e-16   ok
   31      0.05 (   0.04)      0.07 (   0.03)      0.08 (   0.03)      0.64 (   0.00)   1.15e-16   2.29e-16   1.72e-16   ok
   32      0.06 (   0.04)      0.07 (   0.03)      0.08 (   0.03)      0.68 (   0.00)   1.67e-16   1.67e-16   1.67e-16   ok
   33      0.06 (   0.04)      0.06 (   0.04)      0.07 (   0.03)      0.78 (   0.00)   1.61e-16   1.08e-16   1.08e-16   ok
   34      0.06 (   0.04)      0.06 (   0.04)      0.08 (   0.03)      0.59 (   0.00)   2.09e-16   2.61e-16   1.57e-16   ok
   35      0.07 (   0.04)      0.06 (   0.04)      0.09 (   0.03)      0.62 (   0.00)   1.52e-16   1.52e-16   1.02e-16   ok
   36      0.07 (   0.04)      0.07 (   0.04)      0.09 (   0.03)      0.93 (   0.00)   1.48e-16   1.97e-16   9.87e-17   ok
   37      0.08 (   0.04)      0.07 (   0.04)      0.10 (   0.03)      0.98 (   0.00)   1.92e-16   1.44e-16   1.92e-16   ok
   38      0.08 (   0.04)      0.08 (   0.04)      0.10 (   0.03)      0.78 (   0.00)   1.87e-16   1.40e-16   1.40e-16   ok
   39      0.08 (   0.04)      0.08 (   0.04)      0.11 (   0.03)      1.01 (   0.00)   9.11e-17   9.11e-17   1.37e-16   ok
   40      0.08 (   0.04)      0.09 (   0.04)      0.11 (   0.03)      0.46 (   0.01)   1.33e-16   1.78e-16   1.78e-16   ok
   41      0.09 (   0.04)      0.09 (   0.04)      0.12 (   0.03)      0.90 (   0.00)   2.60e-16   1.73e-16   1.73e-16   ok
   42      0.10 (   0.04)      0.09 (   0.04)      0.13 (   0.03)      1.17 (   0.00)   1.69e-16   1.27e-16   1.27e-16   ok
   43      0.10 (   0.04)      0.10 (   0.04)      0.13 (   0.03)      0.99 (   0.00)   1.65e-16   2.48e-16   1.65e-16   ok
   44      0.11 (   0.04)      0.10 (   0.04)      0.14 (   0.03)      1.38 (   0.00)   1.61e-16   1.61e-16   2.42e-16   ok
   45      0.11 (   0.04)      0.09 (   0.05)      0.14 (   0.03)      1.09 (   0.00)   1.58e-16   1.58e-16   1.18e-16   ok
   46      0.12 (   0.04)      0.11 (   0.04)      0.15 (   0.03)      1.40 (   0.00)   1.54e-16   1.54e-16   1.54e-16   ok
   47      0.12 (   0.04)      0.12 (   0.04)      0.16 (   0.03)      1.18 (   0.00)   1.51e-16   1.51e-16   1.51e-16   ok
   48      0.13 (   0.04)      0.12 (   0.04)      0.16 (   0.03)      1.52 (   0.00)   1.48e-16   1.48e-16   1.48e-16   ok
   49      0.13 (   0.04)      0.13 (   0.04)      0.17 (   0.03)      1.28 (   0.00)   2.18e-16   2.90e-16   2.18e-16   ok
   50      0.13 (   0.04)      0.13 (   0.04)      0.17 (   0.03)      1.34 (   0.00)   2.13e-16   2.13e-16   2.13e-16   ok
   51      0.14 (   0.04)      0.14 (   0.04)      0.18 (   0.03)      1.06 (   0.01)   2.09e-16   2.09e-16   2.09e-16   ok
   52      0.15 (   0.04)      0.13 (   0.04)      0.18 (   0.03)      1.36 (   0.00)   2.73e-16   2.05e-16   2.05e-16   ok
   53      0.15 (   0.04)      0.15 (   0.04)      0.20 (   0.03)      1.41 (   0.00)   2.01e-16   2.68e-16   2.01e-16   ok
   54      0.16 (   0.04)      0.15 (   0.04)      0.20 (   0.03)      1.19 (   0.01)   1.97e-16   2.63e-16   1.97e-16   ok
   55      0.16 (   0.04)      0.16 (   0.04)      0.21 (   0.03)      1.23 (   0.01)   1.94e-16   1.94e-16   1.29e-16   ok
   56      0.17 (   0.04)      0.18 (   0.04)      0.22 (   0.03)      1.58 (   0.00)   2.54e-16   2.54e-16   2.54e-16   ok
   57      0.18 (   0.04)      0.18 (   0.04)      0.23 (   0.03)      1.73 (   0.00)   1.87e-16   1.87e-16   1.87e-16   ok
   58      0.19 (   0.04)      0.18 (   0.04)      0.24 (   0.03)      1.37 (   0.01)   2.45e-16   1.84e-16   1.84e-16   ok
   59      0.19 (   0.04)      0.19 (   0.04)      0.24 (   0.03)      1.41 (   0.01)   2.41e-16   2.41e-16   2.41e-16   ok
   60      0.20 (   0.04)      0.19 (   0.04)      0.25 (   0.03)      1.46 (   0.01)   2.96e-16   2.96e-16   2.96e-16   ok
   61      0.20 (   0.04)      0.19 (   0.04)      0.22 (   0.03)      1.51 (   0.01)   1.75e-16   1.75e-16   1.75e-16   ok
   62      0.21 (   0.04)      0.20 (   0.04)      0.27 (   0.03)      1.56 (   0.01)   2.29e-16   1.72e-16   1.72e-16   ok
   63      0.22 (   0.04)      0.18 (   0.04)      0.28 (   0.03)      1.61 (   0.01)   2.26e-16   2.26e-16   2.26e-16   ok
   64      0.23 (   0.04)      0.22 (   0.04)      0.29 (   0.03)      1.66 (   0.01)   2.78e-16   2.22e-16   2.22e-16   ok
   65      0.19 (   0.04)      0.21 (   0.04)      0.27 (   0.03)      1.44 (   0.01)   2.73e-16   2.19e-16   3.28e-16   ok
   66      0.19 (   0.05)      0.22 (   0.04)      0.28 (   0.03)      1.48 (   0.01)   2.15e-16   1.61e-16   2.15e-16   ok
   67      0.20 (   0.04)      0.22 (   0.04)      0.29 (   0.03)      1.53 (   0.01)   1.59e-16   1.59e-16   1.59e-16   ok
   68      0.21 (   0.04)      0.24 (   0.04)      0.29 (   0.03)      1.87 (   0.01)   2.09e-16   2.09e-16   1.57e-16   ok
   69      0.21 (   0.05)      0.24 (   0.04)      0.31 (   0.03)      1.62 (   0.01)   2.57e-16   2.57e-16   2.06e-16   ok
   70      0.23 (   0.04)      0.23 (   0.04)      0.32 (   0.03)      1.67 (   0.01)   3.55e-16   2.54e-16   2.54e-16   ok
   71      0.23 (   0.05)      0.24 (   0.04)      0.32 (   0.03)      1.48 (   0.01)   4.00e-16   2.00e-16   3.00e-16   ok
   72      0.23 (   0.05)      0.26 (   0.04)      0.33 (   0.03)      1.76 (   0.01)   1.97e-16   1.97e-16   1.97e-16   ok
   73      0.25 (   0.04)      0.27 (   0.04)      0.32 (   0.03)      1.56 (   0.01)   2.43e-16   1.95e-16   2.43e-16   ok
   74      0.24 (   0.05)      0.28 (   0.04)      0.35 (   0.03)      1.86 (   0.01)   2.88e-16   2.40e-16   1.92e-16   ok
   75      0.26 (   0.04)      0.28 (   0.04)      0.36 (   0.03)      1.91 (   0.01)   2.37e-16   1.89e-16   1.89e-16   ok
   76      0.26 (   0.05)      0.29 (   0.04)      0.37 (   0.03)      1.96 (   0.01)   1.87e-16   2.34e-16   2.34e-16   ok
   77      0.26 (   0.05)      0.29 (   0.04)      0.36 (   0.03)      1.68 (   0.01)   2.77e-16   2.77e-16   1.85e-16   ok
   78      0.29 (   0.04)      0.31 (   0.04)      0.39 (   0.03)      2.07 (   0.01)   2.28e-16   2.28e-16   2.28e-16   ok
   79      0.29 (   0.04)      0.31 (   0.04)      0.38 (   0.03)      1.83 (   0.01)   3.15e-16   2.70e-16   2.70e-16   ok
   80      0.30 (   0.04)      0.33 (   0.04)      0.43 (   0.03)      1.81 (   0.01)   3.55e-16   3.11e-16   2.66e-16   ok
   81      0.31 (   0.04)      0.33 (   0.04)      0.43 (   0.03)      1.92 (   0.01)   2.19e-16   2.19e-16   2.19e-16   ok
   82      0.31 (   0.04)      0.34 (   0.04)      0.43 (   0.03)      1.97 (   0.01)   2.17e-16   1.73e-16   2.17e-16   ok
   83      0.30 (   0.05)      0.34 (   0.04)      0.42 (   0.03)      2.02 (   0.01)   3.00e-16   2.57e-16   2.57e-16   ok
   84      0.32 (   0.04)      0.35 (   0.04)      0.43 (   0.03)      1.81 (   0.01)   3.38e-16   2.54e-16   2.54e-16   ok
   85      0.32 (   0.05)      0.35 (   0.04)      0.44 (   0.03)      1.80 (   0.01)   2.51e-16   2.51e-16   2.51e-16   ok
   86      0.32 (   0.05)      0.36 (   0.04)      0.44 (   0.03)      2.09 (   0.01)   2.48e-16   2.48e-16   2.48e-16   ok
   87      0.35 (   0.04)      0.36 (   0.04)      0.46 (   0.03)      1.89 (   0.01)   3.27e-16   2.45e-16   2.45e-16   ok
   88      0.35 (   0.04)      0.38 (   0.04)      0.47 (   0.03)      1.93 (   0.01)   3.23e-16   2.42e-16   2.42e-16   ok
   89      0.34 (   0.05)      0.38 (   0.04)      0.47 (   0.03)      1.98 (   0.01)   2.40e-16   2.40e-16   2.40e-16   ok
   90      0.36 (   0.05)      0.40 (   0.04)      0.50 (   0.03)      1.81 (   0.01)   2.37e-16   2.37e-16   2.37e-16   ok
  100      0.45 (   0.05)      0.46 (   0.04)      0.58 (   0.04)      2.23 (   0.01)   2.13e-16   2.13e-16   2.13e-16   ok
  110      0.54 (   0.05)      0.54 (   0.05)      0.72 (   0.03)      2.18 (   0.01)   2.58e-16   2.58e-16   3.23e-16   ok
  120      0.66 (   0.04)      0.69 (   0.04)      0.83 (   0.04)      2.44 (   0.01)   3.55e-16   2.96e-16   3.55e-16   ok
  130      0.66 (   0.05)      0.76 (   0.05)      0.95 (   0.04)      2.65 (   0.01)   3.83e-16   3.83e-16   3.28e-16   ok
  140      0.76 (   0.05)      0.86 (   0.05)      1.03 (   0.04)      3.31 (   0.01)   4.06e-16   4.57e-16   4.57e-16   ok
  150      0.87 (   0.05)      0.94 (   0.05)      1.19 (   0.04)      2.84 (   0.02)   3.32e-16   2.84e-16   3.32e-16   ok
  160      0.99 (   0.05)      1.10 (   0.05)      1.32 (   0.04)      3.04 (   0.02)   5.33e-16   4.00e-16   4.44e-16   ok
  170      1.07 (   0.05)      1.18 (   0.05)      1.45 (   0.04)      1.77 (   0.03)   3.34e-16   3.34e-16   3.34e-16   ok
  180      1.25 (   0.05)      1.36 (   0.05)      1.63 (   0.04)      1.86 (   0.04)   3.95e-16   3.16e-16   2.76e-16   ok
  190      1.30 (   0.06)      1.37 (   0.05)      1.81 (   0.04)      2.25 (   0.03)   2.99e-16   3.74e-16   3.74e-16   ok
  200      1.41 (   0.06)      1.61 (   0.05)      1.92 (   0.04)      2.18 (   0.04)   4.26e-16   4.26e-16   3.55e-16   ok
  210      1.47 (   0.06)      1.67 (   0.05)      2.10 (   0.04)      2.40 (   0.04)   4.06e-16   3.38e-16   4.06e-16   ok
  220      1.50 (   0.06)      1.91 (   0.05)      2.25 (   0.04)      2.57 (   0.04)   5.17e-16   4.52e-16   4.52e-16   ok
  230      1.74 (   0.06)      1.80 (   0.06)      2.42 (   0.04)      2.42 (   0.04)   4.94e-16   6.18e-16   6.18e-16   ok
  240      2.00 (   0.06)      2.14 (   0.05)      2.58 (   0.04)      2.45 (   0.05)   4.74e-16   5.33e-16   4.74e-16   ok
  250      2.16 (   0.06)      2.24 (   0.06)      2.91 (   0.04)      2.56 (   0.05)   4.55e-16   4.55e-16   3.98e-16   ok
  260      2.03 (   0.07)      2.51 (   0.05)      2.83 (   0.05)      3.41 (   0.04)   4.37e-16   4.92e-16   4.37e-16   ok
  270      2.18 (   0.07)      2.40 (   0.06)      3.12 (   0.05)      3.49 (   0.04)   4.74e-16   4.74e-16   5.79e-16   ok
  280      2.43 (   0.06)      2.86 (   0.06)      3.28 (   0.05)      3.57 (   0.04)   5.08e-16   5.08e-16   5.08e-16   ok
  290      2.59 (   0.07)      2.72 (   0.06)      3.50 (   0.05)      3.85 (   0.04)   5.88e-16   5.88e-16   5.39e-16   ok
  300      2.70 (   0.07)      3.17 (   0.06)      3.68 (   0.05)      4.01 (   0.05)   6.16e-16   6.63e-16   6.63e-16   ok
  310      2.79 (   0.07)      3.16 (   0.06)      3.78 (   0.05)      4.37 (   0.04)   4.58e-16   4.58e-16   5.04e-16   ok
  320      3.16 (   0.07)      3.37 (   0.06)      4.10 (   0.05)      4.18 (   0.05)   4.88e-16   4.88e-16   4.88e-16   ok
  330      3.12 (   0.07)      3.31 (   0.07)      4.28 (   0.05)      4.13 (   0.05)   4.31e-16   4.31e-16   5.17e-16   ok
  340      3.26 (   0.07)      3.58 (   0.06)      4.38 (   0.05)      4.84 (   0.05)   5.02e-16   5.02e-16   5.02e-16   ok
  350      3.32 (   0.07)      3.67 (   0.07)      4.62 (   0.05)      5.23 (   0.05)   6.50e-16   5.68e-16   4.87e-16   ok
  360      3.52 (   0.07)      4.19 (   0.06)      4.91 (   0.05)      4.89 (   0.05)   6.32e-16   4.74e-16   4.74e-16   ok
  370      3.81 (   0.07)      4.17 (   0.07)      4.98 (   0.06)      4.66 (   0.06)   5.38e-16   5.38e-16   4.61e-16   ok
  380      3.92 (   0.07)      4.38 (   0.07)      5.26 (   0.06)      4.45 (   0.07)   5.98e-16   5.24e-16   5.24e-16   ok
  390      4.02 (   0.08)      4.06 (   0.08)      5.54 (   0.06)      5.87 (   0.05)   5.10e-16   5.10e-16   5.10e-16   ok
  400      4.11 (   0.08)      4.88 (   0.07)      5.54 (   0.06)      6.17 (   0.05)   5.68e-16   5.68e-16   5.68e-16   ok
  410      4.16 (   0.08)      4.96 (   0.07)      5.79 (   0.06)      5.18 (   0.07)   6.93e-16   7.63e-16   6.93e-16   ok
  420      4.26 (   0.08)      4.98 (   0.07)      6.01 (   0.06)      5.53 (   0.06)   5.41e-16   5.41e-16   5.41e-16   ok
  430      4.57 (   0.08)      5.22 (   0.07)      6.19 (   0.06)      6.50 (   0.06)   7.93e-16   7.93e-16   8.59e-16   ok
  440      4.84 (   0.08)      5.88 (   0.07)      6.59 (   0.06)      6.07 (   0.06)   5.81e-16   5.81e-16   6.46e-16   ok
  450      4.56 (   0.09)      5.42 (   0.07)      6.55 (   0.06)      5.49 (   0.07)   6.32e-16   6.32e-16   6.32e-16   ok
  460      5.00 (   0.08)      6.24 (   0.07)      6.82 (   0.06)      5.72 (   0.07)   6.80e-16   6.80e-16   6.80e-16   ok
  470      5.09 (   0.09)      5.84 (   0.08)      7.14 (   0.06)      6.93 (   0.06)   6.05e-16   6.05e-16   5.44e-16   ok
  480      5.38 (   0.09)      6.59 (   0.07)      7.45 (   0.06)      6.80 (   0.07)   8.29e-16   7.70e-16   7.70e-16   ok
  490      5.40 (   0.09)      6.02 (   0.08)      7.50 (   0.06)      5.94 (   0.08)   9.28e-16   8.70e-16   9.28e-16   ok
  500      5.69 (   0.09)      6.33 (   0.08)      7.59 (   0.07)      5.95 (   0.08)   9.09e-16   8.53e-16   7.96e-16   ok
  510      5.80 (   0.09)      6.51 (   0.08)      7.89 (   0.07)      6.53 (   0.08)   6.69e-16   7.24e-16   6.69e-16   ok
  520      5.77 (   0.09)      6.30 (   0.09)      7.86 (   0.07)      7.33 (   0.07)   6.56e-16   7.11e-16   6.56e-16   ok
  530      5.86 (   0.10)      6.78 (   0.08)      8.17 (   0.07)      6.71 (   0.08)   9.12e-16   8.58e-16   9.65e-16   ok
  540      6.20 (   0.09)      6.88 (   0.08)      8.45 (   0.07)      6.94 (   0.08)   7.37e-16   7.37e-16   7.89e-16   ok
  550      6.25 (   0.10)      6.19 (   0.10)      8.53 (   0.07)      7.87 (   0.08)   7.23e-16   7.75e-16   8.27e-16   ok
  560      6.41 (   0.10)      7.22 (   0.09)      8.61 (   0.07)      8.26 (   0.08)   6.60e-16   7.61e-16   7.11e-16   ok
  570      6.52 (   0.10)      7.30 (   0.09)      8.92 (   0.07)      7.22 (   0.09)   7.48e-16   7.48e-16   7.48e-16   ok
  580      6.48 (   0.10)      7.40 (   0.09)      9.21 (   0.07)      7.50 (   0.09)   7.35e-16   7.84e-16   6.86e-16   ok
  590      6.46 (   0.11)      7.84 (   0.09)      9.32 (   0.07)      8.31 (   0.08)   6.74e-16   6.26e-16   6.26e-16   ok
  600      6.75 (   0.11)      8.11 (   0.09)      9.63 (   0.07)      8.29 (   0.09)   9.00e-16   7.58e-16   7.11e-16   ok
  610      6.90 (   0.11)      8.27 (   0.09)      9.09 (   0.08)      7.37 (   0.10)   7.45e-16   7.92e-16   7.92e-16   ok
  620      7.26 (   0.11)      8.12 (   0.09)     10.00 (   0.08)      7.34 (   0.10)   9.17e-16   9.17e-16   9.17e-16   ok
  630      7.43 (   0.11)      8.64 (   0.09)     10.17 (   0.08)      7.86 (   0.10)   6.77e-16   7.22e-16   7.22e-16   ok
  640      7.66 (   0.11)      8.56 (   0.10)     10.52 (   0.08)      8.54 (   0.10)   7.99e-16   7.11e-16   7.99e-16   ok
  650      7.29 (   0.12)      8.55 (   0.10)     10.32 (   0.08)      7.70 (   0.11)   7.00e-16   7.87e-16   7.00e-16   ok
  660      7.72 (   0.11)      9.08 (   0.10)     11.02 (   0.08)      7.87 (   0.11)   7.32e-16   7.32e-16   6.89e-16   ok
  670      7.89 (   0.11)      9.18 (   0.10)     11.53 (   0.08)      9.09 (   0.10)   8.48e-16   8.91e-16   9.33e-16   ok
  680      8.41 (   0.11)      9.64 (   0.10)     11.74 (   0.08)      8.99 (   0.10)   7.52e-16   7.11e-16   7.52e-16   ok
  690      8.35 (   0.11)      9.92 (   0.10)     11.76 (   0.08)      8.30 (   0.11)   8.24e-16   7.41e-16   7.41e-16   ok
  700      8.54 (   0.11)      9.62 (   0.10)     12.00 (   0.08)      8.04 (   0.12)   8.12e-16   7.31e-16   6.50e-16   ok
  710      8.42 (   0.12)      8.40 (   0.12)     11.86 (   0.09)      9.35 (   0.11)   9.61e-16   9.61e-16   8.81e-16   ok
  720      8.87 (   0.12)     10.83 (   0.10)     12.37 (   0.08)      9.72 (   0.11)   8.68e-16   7.89e-16   8.68e-16   ok
  730      8.88 (   0.12)     10.58 (   0.10)     12.40 (   0.09)      8.27 (   0.13)   7.79e-16   7.01e-16   7.79e-16   ok
  740      9.00 (   0.12)     10.34 (   0.11)     12.20 (   0.09)      8.70 (   0.13)   8.45e-16   9.22e-16   9.99e-16   ok
  750      9.30 (   0.12)     10.84 (   0.10)     12.53 (   0.09)      9.47 (   0.12)   9.09e-16   8.34e-16   8.34e-16   ok
  760      9.33 (   0.12)     10.90 (   0.11)     12.70 (   0.09)      9.48 (   0.12)   8.98e-16   8.23e-16   8.98e-16   ok
  770      9.12 (   0.13)     11.42 (   0.10)     12.94 (   0.09)      8.19 (   0.14)   8.12e-16   8.86e-16   8.86e-16   ok
  780      9.29 (   0.13)     11.61 (   0.10)     13.24 (   0.09)      8.35 (   0.15)   9.47e-16   1.02e-15   9.47e-16   ok
  790      9.55 (   0.13)     11.57 (   0.11)     13.44 (   0.09)      8.93 (   0.14)   8.63e-16   9.35e-16   8.63e-16   ok
  800      9.77 (   0.13)     11.87 (   0.11)     13.78 (   0.09)      8.96 (   0.14)   1.28e-15   1.28e-15   1.21e-15   ok
  810     10.19 (   0.13)     11.53 (   0.11)     13.99 (   0.09)      8.60 (   0.15)   1.05e-15   1.12e-15   1.05e-15   ok
  820     10.36 (   0.13)     12.72 (   0.11)     14.01 (   0.10)      8.80 (   0.15)   1.11e-15   1.04e-15   1.04e-15   ok
  830     10.44 (   0.13)     12.08 (   0.11)     14.36 (   0.10)      9.50 (   0.15)   9.59e-16   8.90e-16   1.03e-15   ok
  840     10.32 (   0.14)     13.44 (   0.11)     14.42 (   0.10)      9.54 (   0.15)   8.80e-16   8.80e-16   9.47e-16   ok
  850     10.57 (   0.14)     12.26 (   0.12)     14.59 (   0.10)      8.72 (   0.17)   9.36e-16   9.36e-16   9.36e-16   ok
  860     10.90 (   0.14)     13.59 (   0.11)     15.11 (   0.10)      9.13 (   0.16)   1.26e-15   1.26e-15   1.26e-15   ok
  870     11.00 (   0.14)     11.49 (   0.13)     15.13 (   0.10)      9.70 (   0.16)   1.18e-15   1.31e-15   1.18e-15   ok
  880     11.23 (   0.14)     13.72 (   0.11)     15.67 (   0.10)      9.75 (   0.16)   8.40e-16   9.04e-16   9.04e-16   ok
  890     11.67 (   0.14)     14.15 (   0.11)     15.69 (   0.10)      9.28 (   0.17)   9.58e-16   1.02e-15   1.15e-15   ok
  900     11.26 (   0.14)     15.15 (   0.11)     15.75 (   0.10)      8.92 (   0.18)   1.07e-15   1.01e-15   1.01e-15   ok
 1000     12.92 (   0.15)     15.27 (   0.13)     17.42 (   0.11)     10.07 (   0.20)   1.08e-15   1.08e-15   1.14e-15   ok
 1100     14.15 (   0.17)     16.57 (   0.15)     12.11 (   0.20)     10.05 (   0.24)   1.14e-15   1.19e-15   1.19e-15   ok
 1200     16.01 (   0.18)     19.07 (   0.15)     13.29 (   0.22)     10.40 (   0.28)   1.18e-15   1.28e-15   1.18e-15   ok
 1300     16.83 (   0.20)     20.12 (   0.17)     13.47 (   0.25)     10.04 (   0.34)   1.27e-15   1.18e-15   1.18e-15   ok
 1400     19.04 (   0.21)     22.42 (   0.17)     15.21 (   0.26)     11.47 (   0.34)   1.14e-15   1.06e-15   1.06e-15   ok
 1500     19.76 (   0.23)     24.18 (   0.19)     16.14 (   0.28)     10.85 (   0.42)   1.36e-15   1.29e-15   1.44e-15   ok
 1600     21.34 (   0.24)     24.53 (   0.21)     16.32 (   0.31)     10.97 (   0.47)   1.35e-15   1.42e-15   1.49e-15   ok
 1700     22.23 (   0.26)     27.29 (   0.21)     17.06 (   0.34)     11.36 (   0.51)   1.34e-15   1.40e-15   1.47e-15   ok
 1800     23.59 (   0.27)     29.88 (   0.22)     18.06 (   0.36)     11.64 (   0.56)   1.83e-15   1.89e-15   1.83e-15   ok
 1900     25.53 (   0.28)     31.96 (   0.23)     19.02 (   0.38)     11.86 (   0.61)   1.62e-15   1.38e-15   1.44e-15   ok
 2000     25.98 (   0.31)     30.66 (   0.26)     20.05 (   0.40)     12.45 (   0.64)   1.82e-15   1.82e-15   1.76e-15   ok
 2100     27.58 (   0.32)     32.55 (   0.27)     15.43 (   0.57)     11.36 (   0.78)   1.84e-15   1.79e-15   1.73e-15   ok
 2200     28.56 (   0.34)     35.35 (   0.27)     16.00 (   0.61)     11.81 (   0.82)   1.76e-15   1.76e-15   1.76e-15   ok
 2300     31.05 (   0.34)     36.75 (   0.29)     16.67 (   0.63)     11.33 (   0.93)   1.78e-15   1.73e-15   1.73e-15   ok
 2400     31.05 (   0.37)     37.41 (   0.31)     17.54 (   0.66)     11.36 (   1.01)   1.61e-15   1.52e-15   1.52e-15   ok
 2500     32.40 (   0.39)     38.37 (   0.33)     18.28 (   0.68)     10.94 (   1.14)   1.91e-15   1.59e-15   1.77e-15   ok
 2600     32.83 (   0.41)     39.78 (   0.34)     18.73 (   0.72)     11.19 (   1.21)   1.53e-15   1.66e-15   1.62e-15   ok
 2700     34.48 (   0.42)     41.90 (   0.35)     19.42 (   0.75)     11.02 (   1.32)   1.60e-15   1.56e-15   1.60e-15   ok
 2800     34.48 (   0.45)     39.21 (   0.40)     20.24 (   0.78)     11.73 (   1.34)   1.79e-15   1.79e-15   1.71e-15   ok
 2900     36.91 (   0.46)     43.70 (   0.39)     20.88 (   0.81)     11.01 (   1.53)   1.80e-15   1.80e-15   1.88e-15   ok
 3000     38.14 (   0.47)     45.14 (   0.40)     21.56 (   0.84)     11.16 (   1.61)   1.97e-15   1.89e-15   1.89e-15   ok
 3100     39.55 (   0.49)     46.43 (   0.41)     17.51 (   1.10)     11.38 (   1.69)   2.13e-15   2.20e-15   2.20e-15   ok
 3200     40.65 (   0.50)     44.64 (   0.46)     18.04 (   1.14)     11.63 (   1.76)   1.99e-15   1.99e-15   2.06e-15   ok
 3300     41.90 (   0.52)     48.43 (   0.45)     18.62 (   1.17)     11.64 (   1.87)   2.14e-15   2.07e-15   2.14e-15   ok
 3400     42.05 (   0.55)     49.41 (   0.47)     19.16 (   1.21)     11.72 (   1.97)   2.34e-15   2.21e-15   2.14e-15   ok
 3500     44.08 (   0.56)     50.31 (   0.49)     19.79 (   1.24)     11.44 (   2.14)   2.34e-15   2.47e-15   2.40e-15   ok
 3600     44.40 (   0.58)     49.30 (   0.53)     20.10 (   1.29)     11.61 (   2.23)   2.34e-15   2.21e-15   2.27e-15   ok
 3700     45.03 (   0.61)     51.19 (   0.54)     20.56 (   1.33)     11.82 (   2.32)   2.52e-15   2.52e-15   2.58e-15   ok
 3800     46.75 (   0.62)     51.96 (   0.56)     21.23 (   1.36)     11.71 (   2.47)   2.33e-15   2.45e-15   2.45e-15   ok
 3900     48.45 (   0.63)     51.84 (   0.59)     21.20 (   1.44)     11.86 (   2.57)   2.22e-15   2.16e-15   2.16e-15   ok
 4000     48.14 (   0.66)     49.78 (   0.64)     22.24 (   1.44)     11.76 (   2.72)   2.56e-15   2.67e-15   2.50e-15   ok
 4100     47.62 (   0.71)     52.71 (   0.64)     19.29 (   1.74)     11.40 (   2.95)   2.88e-15   2.83e-15   2.88e-15   ok
 4200     49.01 (   0.72)     51.97 (   0.68)     18.98 (   1.86)     11.95 (   2.95)   2.76e-15   2.65e-15   2.98e-15   ok
 4300     49.92 (   0.74)     54.32 (   0.68)     19.58 (   1.89)     11.53 (   3.21)   2.27e-15   2.27e-15   2.33e-15   ok
 4400     52.69 (   0.74)     54.47 (   0.71)     19.94 (   1.94)     11.51 (   3.36)   2.38e-15   2.43e-15   2.48e-15   ok
 4500     51.86 (   0.78)     56.73 (   0.71)     20.42 (   1.98)     11.59 (   3.50)   2.83e-15   3.03e-15   2.73e-15   ok
 4600     53.78 (   0.79)     56.51 (   0.75)     20.65 (   2.05)     11.79 (   3.59)   2.52e-15   2.52e-15   2.87e-15   ok
 4700     53.89 (   0.82)     55.79 (   0.79)     21.07 (   2.10)     11.50 (   3.84)   2.52e-15   2.66e-15   2.76e-15   ok
 4800     55.34 (   0.83)     55.53 (   0.83)     21.56 (   2.14)     11.81 (   3.90)   2.51e-15   2.42e-15   2.46e-15   ok
 4900     55.73 (   0.86)     57.46 (   0.84)     22.04 (   2.18)     11.58 (   4.15)   2.51e-15   2.55e-15   2.55e-15   ok
 5000     55.62 (   0.90)     58.90 (   0.85)     22.07 (   2.27)     11.47 (   4.36)   2.46e-15   2.32e-15   2.50e-15   ok
 5100     57.19 (   0.91)     58.26 (   0.89)     22.86 (   2.28)     11.50 (   4.52)   2.41e-15   2.36e-15   2.36e-15   ok
 5200     57.79 (   0.94)     59.77 (   0.91)     19.68 (   2.75)     11.75 (   4.60)   2.62e-15   2.54e-15   2.67e-15   ok
 5300     57.92 (   0.97)     60.68 (   0.93)     20.16 (   2.79)     11.41 (   4.92)   2.57e-15   2.66e-15   2.53e-15   ok
 5400     57.92 (   1.01)     60.71 (   0.96)     20.48 (   2.85)     11.66 (   5.00)   2.69e-15   2.44e-15   2.44e-15   ok
 5500     57.36 (   1.06)     59.97 (   1.01)     20.90 (   2.89)     11.55 (   5.24)   2.40e-15   2.40e-15   2.32e-15   ok
 5600     60.03 (   1.04)     58.03 (   1.08)     21.27 (   2.95)     11.93 (   5.26)   2.52e-15   2.68e-15   2.68e-15   ok
 5700     60.52 (   1.07)     62.55 (   1.04)     21.54 (   3.02)     11.54 (   5.63)   2.63e-15   2.63e-15   2.63e-15   ok
 5800     61.85 (   1.09)     60.57 (   1.11)     21.81 (   3.08)     11.70 (   5.75)   3.14e-15   2.98e-15   3.06e-15   ok
 5900     62.06 (   1.12)     61.46 (   1.13)     22.20 (   3.14)     11.67 (   5.96)   3.08e-15   3.01e-15   3.08e-15   ok
 6000     62.57 (   1.15)     61.82 (   1.16)     22.59 (   3.19)     11.80 (   6.10)   3.41e-15   3.26e-15   3.41e-15   failed
 6100     63.08 (   1.18)     62.60 (   1.19)     22.95 (   3.24)     11.69 (   6.37)   3.28e-15   2.83e-15   2.98e-15   ok
 6200     64.07 (   1.20)     62.61 (   1.23)     20.37 (   3.77)     11.87 (   6.48)   3.01e-15   3.08e-15   3.01e-15   ok
 6300     65.45 (   1.21)     61.45 (   1.29)     20.03 (   3.96)     11.74 (   6.76)   3.68e-15   3.75e-15   3.61e-15   failed
 6400     64.93 (   1.26)     58.56 (   1.40)     20.90 (   3.92)     11.84 (   6.92)   3.98e-15   3.77e-15   4.05e-15   failed
 6500     65.92 (   1.28)     62.28 (   1.36)     20.58 (   4.11)     11.78 (   7.17)   3.08e-15   3.29e-15   3.64e-15   failed
 6600     65.71 (   1.33)     61.66 (   1.41)     20.95 (   4.16)     12.02 (   7.25)   3.72e-15   3.58e-15   3.58e-15   failed
 6700     68.39 (   1.31)     62.49 (   1.44)     21.65 (   4.15)     11.61 (   7.74)   4.00e-15   4.14e-15   3.94e-15   failed
 6800     67.86 (   1.36)     63.22 (   1.46)     22.09 (   4.19)     11.69 (   7.92)   3.81e-15   3.68e-15   3.54e-15   failed
 6900     68.62 (   1.39)     64.96 (   1.47)     22.17 (   4.30)     11.73 (   8.12)   2.97e-15   3.10e-15   3.30e-15   ok
 7000     68.59 (   1.43)     63.44 (   1.54)     22.59 (   4.34)     11.79 (   8.31)   3.51e-15   4.03e-15   3.77e-15   failed
 7100     69.02 (   1.46)     63.78 (   1.58)     22.61 (   4.46)     11.71 (   8.61)   3.20e-15   3.27e-15   3.07e-15   ok
 7200     69.69 (   1.49)     59.39 (   1.75)     20.51 (   5.06)     11.81 (   8.78)   3.03e-15   3.28e-15   3.16e-15   ok
 7300     70.32 (   1.52)     65.56 (   1.63)     20.84 (   5.12)     11.67 (   9.14)   3.55e-15   3.61e-15   3.43e-15   failed
 7400     70.71 (   1.55)     64.05 (   1.71)     21.22 (   5.16)     11.87 (   9.23)   3.38e-15   3.81e-15   3.50e-15   failed
 7500     71.08 (   1.58)     64.36 (   1.75)     21.38 (   5.26)     11.64 (   9.67)   3.70e-15   3.58e-15   3.70e-15   failed
 7600     72.62 (   1.59)     64.66 (   1.79)     21.65 (   5.34)     11.86 (   9.74)   3.47e-15   3.47e-15   3.23e-15   failed
 7700     72.22 (   1.64)     66.14 (   1.79)     21.80 (   5.44)     11.86 (  10.00)   3.72e-15   3.72e-15   3.60e-15   failed
 7800     73.26 (   1.66)     65.96 (   1.85)     21.55 (   5.65)     11.87 (  10.25)   3.26e-15   3.44e-15   3.56e-15   failed
 7900     71.34 (   1.75)     65.33 (   1.91)     21.77 (   5.73)     11.78 (  10.60)   3.45e-15   3.63e-15   3.51e-15   failed
 8000     71.64 (   1.79)     62.02 (   2.06)     22.12 (   5.79)     11.71 (  10.93)   3.30e-15   3.30e-15   3.41e-15   failed
 8100     72.07 (   1.82)     68.17 (   1.92)     22.85 (   5.74)     11.69 (  11.23)   3.82e-15   3.87e-15   3.65e-15   failed
 8200     71.16 (   1.89)     66.52 (   2.02)     21.27 (   6.32)     11.81 (  11.38)   3.49e-15   3.44e-15   3.49e-15   failed
 8300     71.55 (   1.93)     65.12 (   2.12)     21.21 (   6.50)     11.73 (  11.74)   3.45e-15   3.45e-15   3.56e-15   failed
 8400     69.69 (   2.03)     66.92 (   2.11)     21.36 (   6.61)     11.80 (  11.96)   3.63e-15   3.57e-15   3.41e-15   failed
 8500     71.16 (   2.03)     66.82 (   2.16)     21.61 (   6.69)     11.72 (  12.33)   4.01e-15   4.01e-15   3.85e-15   failed
 8600     70.11 (   2.11)     67.09 (   2.21)     21.88 (   6.76)     11.84 (  12.49)   3.75e-15   3.44e-15   3.44e-15   failed
 8700     71.31 (   2.12)     68.17 (   2.22)     22.05 (   6.87)     11.94 (  12.68)   3.35e-15   3.45e-15   3.61e-15   failed
 8800     68.87 (   2.25)     62.78 (   2.47)     21.68 (   7.14)     12.00 (  12.91)   4.19e-15   4.29e-15   4.55e-15   failed
 8900     69.64 (   2.27)     67.22 (   2.36)     22.11 (   7.16)     12.07 (  13.12)   3.83e-15   3.68e-15   3.99e-15   failed
 9000     69.42 (   2.33)     66.24 (   2.45)     22.05 (   7.35)     12.00 (  13.50)   3.33e-15   3.44e-15   3.44e-15   failed
10000     69.35 (   2.88)     68.43 (   2.92)     22.20 (   9.01)     11.94 (  16.76)   3.87e-15   3.68e-15   3.73e-15   failed
12000     69.47 (   4.15)     66.25 (   4.35)     22.61 (  12.74)     12.36 (  23.30)   5.15e-15   5.08e-15   5.08e-15   failed
14000     73.44 (   5.34)     72.60 (   5.40)     22.62 (  17.33)     12.92 (  30.34)   5.07e-15   5.26e-15   4.87e-15   failed
16000     74.38 (   6.88)     68.74 (   7.45)     22.66 (  22.60)     12.30 (  41.64)   5.12e-15   4.89e-15   5.06e-15   failed
18000     72.12 (   8.99)     72.46 (   8.94)     21.82 (  29.70)     12.93 (  50.12)   6.11e-15   6.27e-15   6.67e-15   failed
20000     72.84 (  10.98)     70.18 (  11.40)     20.99 (  38.12)     13.39 (  59.77)   5.96e-15   5.68e-15   5.73e-15   failed
Sat Sep 12 10:57:42 EDT 2015
