
Sat Sep 12 10:51:47 EDT 2015
numactl --interleave=all ../testing/testing_ssymv -L -N 123 -N 1234 --range 10:90:1 --range 100:900:10 --range 1000:9000:100 --range 10000:20000:2000 --lapack
% MAGMA 1.7.0  compiled for CUDA capability >= 3.5, 32-bit magma_int_t, 64-bit pointer.
% CUDA runtime 7000, driver 7000. OpenMP threads 16. MKL 11.2.2, MKL threads 16. 
% device 0: Tesla K40c, 745.0 MHz clock, 11519.6 MB memory, capability 3.5
% device 1: Tesla K40c, 745.0 MHz clock, 11519.6 MB memory, capability 3.5
% device 2: Tesla K40c, 745.0 MHz clock, 11519.6 MB memory, capability 3.5
% Sat Sep 12 10:51:54 2015
% Usage: ../testing/testing_ssymv [options] [-h|--help]

% uplo = Lower
%   N   MAGMA Gflop/s (ms)    Atomics Gflop/s      CUBLAS Gflop/s       CPU Gflop/s   MAGMA error  Atomics    CUBLAS
%=====================================================================================================================
  123      0.66 (   0.05)      0.68 (   0.05)      0.46 (   0.07)      0.43 (   0.07)   9.30e-08   1.24e-07   1.24e-07   ok
 1234     21.17 (   0.14)     37.16 (   0.08)     23.63 (   0.13)      9.15 (   0.33)   5.44e-07   5.19e-07   4.95e-07   ok
   10      0.01 (   0.03)      0.01 (   0.03)      0.01 (   0.03)      0.12 (   0.00)   4.77e-08   4.77e-08   4.77e-08   ok
   11      0.01 (   0.03)      0.01 (   0.03)      0.01 (   0.02)      0.14 (   0.00)   4.33e-08   8.67e-08   4.33e-08   ok
   12      0.01 (   0.03)      0.01 (   0.03)      0.01 (   0.02)      0.15 (   0.00)   3.97e-08   1.99e-08   3.97e-08   ok
   13      0.01 (   0.03)      0.01 (   0.03)      0.02 (   0.02)      0.13 (   0.00)   3.67e-08   3.67e-08   7.34e-08   ok
   14      0.01 (   0.03)      0.02 (   0.03)      0.02 (   0.02)      0.22 (   0.00)   6.81e-08   3.41e-08   6.81e-08   ok
   15      0.02 (   0.03)      0.02 (   0.03)      0.02 (   0.02)      0.22 (   0.00)   6.36e-08   6.36e-08   6.36e-08   ok
   16      0.02 (   0.03)      0.02 (   0.03)      0.02 (   0.02)      0.29 (   0.00)   5.96e-08   5.96e-08   5.96e-08   ok
   17      0.02 (   0.03)      0.02 (   0.03)      0.03 (   0.02)      0.21 (   0.00)   1.12e-07   5.61e-08   5.61e-08   ok
   18      0.02 (   0.03)      0.03 (   0.03)      0.03 (   0.02)      0.24 (   0.00)   5.30e-08   5.30e-08   5.30e-08   ok
   19      0.03 (   0.03)      0.03 (   0.03)      0.03 (   0.02)      0.27 (   0.00)   5.02e-08   5.02e-08   5.02e-08   ok
   20      0.03 (   0.03)      0.03 (   0.03)      0.04 (   0.02)      0.29 (   0.00)   7.15e-08   4.77e-08   7.15e-08   ok
   21      0.03 (   0.03)      0.03 (   0.03)      0.04 (   0.02)      0.30 (   0.00)   9.08e-08   1.36e-07   6.81e-08   ok
   22      0.03 (   0.03)      0.04 (   0.03)      0.04 (   0.02)      0.35 (   0.00)   4.33e-08   8.67e-08   4.33e-08   ok
   23      0.04 (   0.03)      0.02 (   0.06)      0.05 (   0.02)      0.58 (   0.00)   8.29e-08   8.29e-08   8.29e-08   ok
   24      0.04 (   0.03)      0.04 (   0.03)      0.05 (   0.02)      0.56 (   0.00)   7.95e-08   7.95e-08   7.95e-08   ok
   25      0.04 (   0.03)      0.04 (   0.03)      0.06 (   0.02)      0.42 (   0.00)   7.63e-08   7.63e-08   3.81e-08   ok
   26      0.04 (   0.03)      0.05 (   0.03)      0.06 (   0.02)      0.49 (   0.00)   7.34e-08   7.34e-08   3.67e-08   ok
   27      0.05 (   0.03)      0.05 (   0.03)      0.07 (   0.02)      0.53 (   0.00)   7.06e-08   7.06e-08   7.06e-08   ok
   28      0.05 (   0.03)      0.05 (   0.03)      0.07 (   0.02)      0.52 (   0.00)   3.41e-08   6.81e-08   6.81e-08   ok
   29      0.05 (   0.03)      0.06 (   0.03)      0.07 (   0.03)      0.56 (   0.00)   9.87e-08   1.32e-07   6.58e-08   ok
   30      0.06 (   0.03)      0.06 (   0.03)      0.07 (   0.03)      0.60 (   0.00)   6.36e-08   6.36e-08   6.36e-08   ok
   31      0.07 (   0.03)      0.07 (   0.03)      0.08 (   0.02)      0.64 (   0.00)   6.15e-08   9.23e-08   9.23e-08   ok
   32      0.07 (   0.03)      0.07 (   0.03)      0.09 (   0.02)      0.68 (   0.00)   5.96e-08   5.96e-08   5.96e-08   ok
   33      0.07 (   0.03)      0.08 (   0.03)      0.09 (   0.03)      0.78 (   0.00)   5.78e-08   5.78e-08   5.78e-08   ok
   34      0.07 (   0.03)      0.08 (   0.03)      0.09 (   0.03)      0.77 (   0.00)   1.12e-07   1.12e-07   1.12e-07   ok
   35      0.08 (   0.03)      0.08 (   0.03)      0.10 (   0.03)      0.81 (   0.00)   5.45e-08   5.45e-08   8.17e-08   ok
   36      0.08 (   0.03)      0.09 (   0.03)      0.10 (   0.03)      0.66 (   0.00)   7.95e-08   5.30e-08   7.95e-08   ok
   37      0.09 (   0.03)      0.09 (   0.03)      0.11 (   0.03)      0.91 (   0.00)   7.73e-08   5.15e-08   7.73e-08   ok
   38      0.10 (   0.03)      0.10 (   0.03)      0.11 (   0.03)      0.78 (   0.00)   7.53e-08   1.00e-07   1.00e-07   ok
   39      0.10 (   0.03)      0.10 (   0.03)      0.12 (   0.03)      0.77 (   0.00)   4.89e-08   4.89e-08   4.89e-08   ok
   40      0.11 (   0.03)      0.11 (   0.03)      0.12 (   0.03)      1.15 (   0.00)   9.54e-08   9.54e-08   9.54e-08   ok
   41      0.11 (   0.03)      0.11 (   0.03)      0.13 (   0.03)      1.11 (   0.00)   6.98e-08   9.30e-08   6.98e-08   ok
   42      0.12 (   0.03)      0.12 (   0.03)      0.13 (   0.03)      1.17 (   0.00)   6.81e-08   4.54e-08   6.81e-08   ok
   43      0.12 (   0.03)      0.12 (   0.03)      0.15 (   0.03)      0.93 (   0.00)   8.87e-08   8.87e-08   8.87e-08   ok
   44      0.13 (   0.03)      0.14 (   0.03)      0.16 (   0.03)      1.28 (   0.00)   1.08e-07   1.08e-07   6.50e-08   ok
   45      0.14 (   0.03)      0.14 (   0.03)      0.16 (   0.03)      1.02 (   0.00)   8.48e-08   6.36e-08   8.48e-08   ok
   46      0.14 (   0.03)      0.15 (   0.03)      0.18 (   0.02)      1.07 (   0.00)   8.29e-08   8.29e-08   8.29e-08   ok
   47      0.15 (   0.03)      0.15 (   0.03)      0.18 (   0.03)      1.18 (   0.00)   1.01e-07   1.22e-07   8.12e-08   ok
   48      0.16 (   0.03)      0.16 (   0.03)      0.19 (   0.03)      1.16 (   0.00)   7.95e-08   7.95e-08   7.95e-08   ok
   49      0.17 (   0.03)      0.16 (   0.03)      0.19 (   0.03)      1.21 (   0.00)   7.79e-08   7.79e-08   7.79e-08   ok
   50      0.18 (   0.03)      0.16 (   0.03)      0.20 (   0.03)      1.26 (   0.00)   1.14e-07   7.63e-08   7.63e-08   ok
   51      0.14 (   0.04)      0.17 (   0.03)      0.20 (   0.03)      1.31 (   0.00)   7.48e-08   1.12e-07   7.48e-08   ok
   52      0.17 (   0.03)      0.18 (   0.03)      0.20 (   0.03)      1.10 (   0.01)   1.10e-07   1.10e-07   1.47e-07   ok
   53      0.18 (   0.03)      0.18 (   0.03)      0.21 (   0.03)      1.41 (   0.00)   1.08e-07   1.08e-07   7.20e-08   ok
   54      0.18 (   0.03)      0.19 (   0.03)      0.22 (   0.03)      1.19 (   0.01)   7.06e-08   1.06e-07   7.06e-08   ok
   55      0.19 (   0.03)      0.20 (   0.03)      0.22 (   0.03)      1.23 (   0.01)   6.94e-08   6.94e-08   6.94e-08   ok
   56      0.20 (   0.03)      0.21 (   0.03)      0.23 (   0.03)      1.58 (   0.00)   6.81e-08   6.81e-08   6.81e-08   ok
   57      0.22 (   0.03)      0.21 (   0.03)      0.24 (   0.03)      1.63 (   0.00)   6.69e-08   6.69e-08   6.69e-08   ok
   58      0.21 (   0.03)      0.22 (   0.03)      0.24 (   0.03)      1.69 (   0.00)   6.58e-08   6.58e-08   6.58e-08   ok
   59      0.24 (   0.03)      0.22 (   0.03)      0.25 (   0.03)      1.41 (   0.01)   6.47e-08   9.70e-08   9.70e-08   ok
   60      0.22 (   0.03)      0.23 (   0.03)      0.26 (   0.03)      1.46 (   0.01)   9.54e-08   9.54e-08   9.54e-08   ok
   61      0.25 (   0.03)      0.24 (   0.03)      0.25 (   0.03)      1.51 (   0.01)   9.38e-08   9.38e-08   1.25e-07   ok
   62      0.25 (   0.03)      0.25 (   0.03)      0.27 (   0.03)      1.26 (   0.01)   9.23e-08   9.23e-08   9.23e-08   ok
   63      0.24 (   0.03)      0.25 (   0.03)      0.27 (   0.03)      1.35 (   0.01)   9.08e-08   9.08e-08   9.08e-08   ok
   64      0.26 (   0.03)      0.26 (   0.03)      0.28 (   0.03)      1.66 (   0.01)   8.94e-08   8.94e-08   8.94e-08   ok
   65      0.24 (   0.04)      0.23 (   0.04)      0.27 (   0.03)      1.71 (   0.01)   1.47e-07   1.47e-07   1.47e-07   ok
   66      0.24 (   0.04)      0.22 (   0.04)      0.29 (   0.03)      2.18 (   0.00)   1.44e-07   1.73e-07   1.44e-07   ok
   67      0.26 (   0.04)      0.25 (   0.04)      0.29 (   0.03)      1.53 (   0.01)   1.42e-07   8.54e-08   8.54e-08   ok
   68      0.26 (   0.04)      0.25 (   0.04)      0.31 (   0.03)      1.57 (   0.01)   1.12e-07   8.41e-08   1.40e-07   ok
   69      0.27 (   0.04)      0.25 (   0.04)      0.32 (   0.03)      2.53 (   0.00)   8.29e-08   8.29e-08   1.11e-07   ok
   70      0.28 (   0.04)      0.27 (   0.04)      0.32 (   0.03)      1.60 (   0.01)   1.09e-07   8.17e-08   8.17e-08   ok
   71      0.29 (   0.04)      0.28 (   0.04)      0.35 (   0.03)      1.72 (   0.01)   1.61e-07   1.07e-07   1.07e-07   ok
   72      0.31 (   0.03)      0.29 (   0.04)      0.34 (   0.03)      2.10 (   0.01)   1.06e-07   1.06e-07   1.06e-07   ok
   73      0.32 (   0.03)      0.30 (   0.04)      0.36 (   0.03)      2.16 (   0.01)   1.57e-07   1.05e-07   1.05e-07   ok
   74      0.33 (   0.03)      0.31 (   0.04)      0.37 (   0.03)      2.22 (   0.01)   7.73e-08   5.15e-08   7.73e-08   ok
   75      0.34 (   0.03)      0.32 (   0.04)      0.38 (   0.03)      2.28 (   0.01)   1.02e-07   7.63e-08   1.02e-07   ok
   76      0.34 (   0.03)      0.33 (   0.04)      0.40 (   0.03)      2.34 (   0.01)   1.00e-07   1.00e-07   7.53e-08   ok
   77      0.35 (   0.03)      0.33 (   0.04)      0.41 (   0.03)      2.02 (   0.01)   7.43e-08   7.43e-08   9.91e-08   ok
   78      0.36 (   0.03)      0.35 (   0.04)      0.41 (   0.03)      1.78 (   0.01)   9.78e-08   9.78e-08   9.78e-08   ok
   79      0.38 (   0.03)      0.35 (   0.04)      0.42 (   0.03)      1.77 (   0.01)   1.45e-07   9.66e-08   9.66e-08   ok
   80      0.38 (   0.03)      0.36 (   0.04)      0.43 (   0.03)      2.59 (   0.01)   9.54e-08   9.54e-08   9.54e-08   ok
   81      0.38 (   0.04)      0.36 (   0.04)      0.43 (   0.03)      2.23 (   0.01)   9.42e-08   9.42e-08   1.41e-07   ok
   82      0.39 (   0.04)      0.37 (   0.04)      0.44 (   0.03)      2.20 (   0.01)   1.16e-07   9.30e-08   9.30e-08   ok
   83      0.34 (   0.04)      0.37 (   0.04)      0.46 (   0.03)      2.34 (   0.01)   9.19e-08   9.19e-08   6.89e-08   ok
   84      0.41 (   0.04)      0.39 (   0.04)      0.48 (   0.03)      2.00 (   0.01)   9.08e-08   1.36e-07   9.08e-08   ok
   85      0.42 (   0.04)      0.40 (   0.04)      0.49 (   0.03)      2.45 (   0.01)   1.12e-07   1.12e-07   1.12e-07   ok
   86      0.42 (   0.04)      0.40 (   0.04)      0.50 (   0.03)      2.09 (   0.01)   1.33e-07   8.87e-08   8.87e-08   ok
   87      0.44 (   0.04)      0.41 (   0.04)      0.51 (   0.03)      2.14 (   0.01)   8.77e-08   1.32e-07   1.32e-07   ok
   88      0.44 (   0.04)      0.41 (   0.04)      0.51 (   0.03)      3.13 (   0.01)   1.30e-07   1.30e-07   1.30e-07   ok
   89      0.46 (   0.04)      0.42 (   0.04)      0.53 (   0.03)      2.32 (   0.01)   8.57e-08   1.29e-07   8.57e-08   ok
   90      0.45 (   0.04)      0.44 (   0.04)      0.53 (   0.03)      2.75 (   0.01)   8.48e-08   8.48e-08   8.48e-08   ok
  100      0.54 (   0.04)      0.53 (   0.04)      0.61 (   0.03)      2.49 (   0.01)   1.14e-07   1.14e-07   1.14e-07   ok
  110      0.64 (   0.04)      0.62 (   0.04)      0.74 (   0.03)      3.53 (   0.01)   1.04e-07   1.04e-07   1.04e-07   ok
  120      0.81 (   0.04)      0.77 (   0.04)      0.88 (   0.03)      3.58 (   0.01)   1.27e-07   1.27e-07   1.27e-07   ok
  130      0.83 (   0.04)      0.87 (   0.04)      0.95 (   0.04)      3.76 (   0.01)   1.76e-07   1.76e-07   1.47e-07   ok
  140      0.91 (   0.04)      1.02 (   0.04)      1.10 (   0.04)      5.52 (   0.01)   1.36e-07   1.36e-07   1.36e-07   ok
  150      1.06 (   0.04)      1.14 (   0.04)      1.26 (   0.04)      4.52 (   0.01)   2.03e-07   1.53e-07   1.27e-07   ok
  160      1.22 (   0.04)      1.33 (   0.04)      1.43 (   0.04)      6.36 (   0.01)   1.43e-07   1.43e-07   1.43e-07   ok
  170      1.45 (   0.04)      1.49 (   0.04)      1.61 (   0.04)      5.81 (   0.01)   1.80e-07   1.35e-07   1.80e-07   ok
  180      1.59 (   0.04)      1.63 (   0.04)      1.59 (   0.04)      5.81 (   0.01)   1.48e-07   1.91e-07   1.48e-07   ok
  190      1.82 (   0.04)      1.86 (   0.04)      1.96 (   0.04)      4.91 (   0.01)   2.01e-07   1.61e-07   1.61e-07   ok
  200      1.71 (   0.05)      1.96 (   0.04)      2.01 (   0.04)      8.03 (   0.01)   2.29e-07   2.29e-07   1.91e-07   ok
  210      1.97 (   0.05)      2.16 (   0.04)      2.21 (   0.04)      7.29 (   0.01)   1.82e-07   1.45e-07   1.45e-07   ok
  220      2.03 (   0.05)      2.43 (   0.04)      2.49 (   0.04)      8.16 (   0.01)   2.43e-07   2.43e-07   2.08e-07   ok
  230      2.36 (   0.05)      2.53 (   0.04)      2.53 (   0.04)      6.65 (   0.02)   2.65e-07   2.32e-07   2.32e-07   ok
  240      2.41 (   0.05)      2.76 (   0.04)      2.82 (   0.04)      7.70 (   0.02)   2.86e-07   2.54e-07   2.54e-07   ok
  250      2.62 (   0.05)      2.99 (   0.04)      2.99 (   0.04)      8.36 (   0.02)   1.53e-07   1.53e-07   1.83e-07   ok
  260      2.66 (   0.05)      3.23 (   0.04)      3.22 (   0.04)      3.16 (   0.04)   2.64e-07   2.05e-07   2.64e-07   ok
  270      2.98 (   0.05)      3.41 (   0.04)      3.41 (   0.04)      3.65 (   0.04)   2.54e-07   2.83e-07   2.83e-07   ok
  280      3.03 (   0.05)      3.57 (   0.04)      3.59 (   0.04)      3.93 (   0.04)   3.27e-07   3.00e-07   3.00e-07   ok
  290      3.37 (   0.05)      3.83 (   0.04)      3.69 (   0.05)      3.67 (   0.05)   3.16e-07   2.63e-07   3.16e-07   ok
  300      3.47 (   0.05)      4.03 (   0.04)      3.92 (   0.05)      3.61 (   0.05)   2.54e-07   2.54e-07   2.54e-07   ok
  310      3.71 (   0.05)      4.28 (   0.05)      4.19 (   0.05)      3.63 (   0.05)   2.46e-07   2.46e-07   2.21e-07   ok
  320      4.20 (   0.05)      4.79 (   0.04)      4.68 (   0.04)      3.80 (   0.05)   2.86e-07   2.86e-07   2.38e-07   ok
  330      3.90 (   0.06)      4.85 (   0.05)      4.56 (   0.05)      4.20 (   0.05)   2.54e-07   2.31e-07   2.31e-07   ok
  340      4.28 (   0.05)      5.26 (   0.04)      4.74 (   0.05)      4.28 (   0.05)   3.59e-07   4.04e-07   3.59e-07   ok
  350      4.31 (   0.06)      5.34 (   0.05)      5.00 (   0.05)      3.96 (   0.06)   2.18e-07   2.18e-07   2.18e-07   ok
  360      4.82 (   0.05)      5.65 (   0.05)      5.12 (   0.05)      4.33 (   0.06)   2.54e-07   2.54e-07   2.54e-07   ok
  370      4.90 (   0.06)      6.26 (   0.04)      5.48 (   0.05)      4.74 (   0.06)   2.89e-07   2.47e-07   2.89e-07   ok
  380      5.35 (   0.05)      6.29 (   0.05)      5.68 (   0.05)      4.60 (   0.06)   2.41e-07   3.21e-07   2.81e-07   ok
  390      5.08 (   0.06)      6.49 (   0.05)      5.98 (   0.05)      5.54 (   0.06)   3.13e-07   2.35e-07   2.35e-07   ok
  400      5.34 (   0.06)      6.80 (   0.05)      6.17 (   0.05)      6.41 (   0.05)   2.67e-07   3.05e-07   2.67e-07   ok
  410      5.61 (   0.06)      7.48 (   0.05)      6.61 (   0.05)      5.35 (   0.06)   2.98e-07   2.61e-07   2.61e-07   ok
  420      5.89 (   0.06)      7.53 (   0.05)      6.65 (   0.05)      5.70 (   0.06)   2.54e-07   2.54e-07   2.54e-07   ok
  430      6.17 (   0.06)      7.58 (   0.05)      6.76 (   0.05)      5.38 (   0.07)   3.19e-07   3.55e-07   3.19e-07   ok
  440      6.59 (   0.06)      5.71 (   0.07)      7.47 (   0.05)      6.07 (   0.06)   2.77e-07   2.77e-07   2.43e-07   ok
  450      6.26 (   0.06)      8.15 (   0.05)      7.28 (   0.06)      5.64 (   0.07)   2.71e-07   2.71e-07   2.71e-07   ok
  460      6.52 (   0.07)      8.64 (   0.05)      7.70 (   0.06)      6.07 (   0.07)   2.99e-07   2.99e-07   2.65e-07   ok
  470      7.14 (   0.06)      9.19 (   0.05)      8.22 (   0.05)      5.84 (   0.08)   3.57e-07   3.57e-07   3.57e-07   ok
  480      7.31 (   0.06)      9.40 (   0.05)      8.10 (   0.06)      6.41 (   0.07)   3.50e-07   3.81e-07   3.50e-07   ok
  490      7.42 (   0.06)      9.61 (   0.05)      8.17 (   0.06)      6.33 (   0.08)   3.74e-07   3.43e-07   3.43e-07   ok
  500      8.08 (   0.06)     10.20 (   0.05)      8.65 (   0.06)      6.51 (   0.08)   3.66e-07   4.27e-07   3.97e-07   ok
  510      7.89 (   0.07)     10.41 (   0.05)      8.71 (   0.06)      6.51 (   0.08)   3.29e-07   3.59e-07   3.59e-07   ok
  520      7.73 (   0.07)     10.42 (   0.05)      8.71 (   0.06)      9.67 (   0.06)   2.93e-07   2.93e-07   2.93e-07   ok
  530      7.92 (   0.07)     11.03 (   0.05)      9.08 (   0.06)      9.88 (   0.06)   3.17e-07   3.17e-07   3.17e-07   ok
  540      8.48 (   0.07)     11.45 (   0.05)      9.14 (   0.06)     10.25 (   0.06)   3.67e-07   3.39e-07   3.39e-07   ok
  550      8.92 (   0.07)     11.66 (   0.05)      9.45 (   0.06)      9.05 (   0.07)   3.61e-07   3.61e-07   3.61e-07   ok
  560      9.25 (   0.07)     12.31 (   0.05)      9.69 (   0.06)     10.67 (   0.06)   3.27e-07   3.27e-07   3.00e-07   ok
  570      9.45 (   0.07)     12.52 (   0.05)      9.72 (   0.07)      9.04 (   0.07)   3.75e-07   3.48e-07   3.75e-07   ok
  580      9.21 (   0.07)     12.45 (   0.05)      9.78 (   0.07)      9.09 (   0.07)   3.42e-07   3.42e-07   3.42e-07   ok
  590      9.29 (   0.08)     13.18 (   0.05)     10.09 (   0.07)      8.19 (   0.09)   4.14e-07   3.88e-07   3.62e-07   ok
  600      9.76 (   0.07)     13.63 (   0.05)     10.29 (   0.07)      9.89 (   0.07)   3.81e-07   3.56e-07   3.56e-07   ok
  610     10.05 (   0.07)     13.77 (   0.05)     10.35 (   0.07)     10.22 (   0.07)   3.25e-07   3.50e-07   3.25e-07   ok
  620     10.00 (   0.08)     13.98 (   0.06)     10.69 (   0.07)     10.69 (   0.07)   3.94e-07   3.69e-07   3.94e-07   ok
  630     10.59 (   0.08)     14.19 (   0.06)     11.04 (   0.07)      8.92 (   0.09)   3.63e-07   2.91e-07   3.15e-07   ok
  640     10.40 (   0.08)     15.50 (   0.05)     11.07 (   0.07)     11.10 (   0.07)   4.29e-07   4.05e-07   4.05e-07   ok
  650     10.32 (   0.08)     15.10 (   0.06)     11.45 (   0.07)     10.82 (   0.08)   3.52e-07   3.52e-07   3.05e-07   ok
  660     10.64 (   0.08)     15.64 (   0.06)     11.65 (   0.07)     11.19 (   0.08)   3.93e-07   3.93e-07   3.70e-07   ok
  670     11.36 (   0.08)     16.05 (   0.06)     11.82 (   0.08)     11.68 (   0.08)   4.10e-07   3.42e-07   3.64e-07   ok
  680     11.60 (   0.08)     16.25 (   0.06)     12.03 (   0.08)     11.74 (   0.08)   4.04e-07   4.04e-07   3.59e-07   ok
  690     11.80 (   0.08)     16.46 (   0.06)     12.38 (   0.08)     11.76 (   0.08)   5.31e-07   5.31e-07   4.87e-07   ok
  700     12.25 (   0.08)     16.94 (   0.06)     12.40 (   0.08)     11.69 (   0.08)   3.71e-07   3.49e-07   3.27e-07   ok
  710     12.17 (   0.08)     17.36 (   0.06)     12.60 (   0.08)     10.97 (   0.09)   3.44e-07   3.44e-07   3.44e-07   ok
  720     12.51 (   0.08)     18.22 (   0.06)     12.96 (   0.08)     12.51 (   0.08)   4.24e-07   4.24e-07   4.66e-07   ok
  730     12.86 (   0.08)     18.42 (   0.06)     13.20 (   0.08)     11.22 (   0.10)   5.02e-07   4.60e-07   4.60e-07   ok
  740     12.33 (   0.09)     18.62 (   0.06)     13.22 (   0.08)     10.98 (   0.10)   4.12e-07   4.12e-07   4.12e-07   ok
  750     13.09 (   0.09)     19.13 (   0.06)     13.58 (   0.08)     10.62 (   0.11)   3.66e-07   3.66e-07   3.66e-07   ok
  760     13.48 (   0.09)     19.97 (   0.06)     14.10 (   0.08)     12.04 (   0.10)   4.02e-07   4.02e-07   4.02e-07   ok
  770     13.04 (   0.09)     19.53 (   0.06)     13.95 (   0.09)     12.61 (   0.09)   6.74e-07   6.34e-07   5.94e-07   ok
  780     13.66 (   0.09)     20.28 (   0.06)     14.31 (   0.09)     12.94 (   0.09)   4.30e-07   3.91e-07   3.91e-07   ok
  790     13.72 (   0.09)     20.80 (   0.06)     14.68 (   0.09)     13.01 (   0.10)   4.25e-07   4.25e-07   3.86e-07   ok
  800     14.57 (   0.09)     21.42 (   0.06)     15.10 (   0.08)     13.08 (   0.10)   4.58e-07   4.20e-07   4.58e-07   ok
  810     14.77 (   0.09)     21.53 (   0.06)     15.26 (   0.09)     13.28 (   0.10)   4.90e-07   3.77e-07   3.77e-07   ok
  820     14.48 (   0.09)     22.06 (   0.06)     15.30 (   0.09)     13.45 (   0.10)   3.72e-07   3.72e-07   3.72e-07   ok
  830     14.99 (   0.09)     21.92 (   0.06)     15.68 (   0.09)     12.44 (   0.11)   4.04e-07   4.41e-07   4.04e-07   ok
  840     14.42 (   0.10)     22.79 (   0.06)     15.89 (   0.09)     13.85 (   0.10)   4.00e-07   4.00e-07   4.00e-07   ok
  850     14.48 (   0.10)     22.98 (   0.06)     16.10 (   0.09)     12.91 (   0.11)   5.39e-07   5.03e-07   5.03e-07   ok
  860     14.79 (   0.10)     23.53 (   0.06)     16.26 (   0.09)     13.44 (   0.11)   5.32e-07   5.32e-07   5.32e-07   ok
  870     15.47 (   0.10)     23.63 (   0.06)     16.47 (   0.09)     13.41 (   0.11)   3.86e-07   4.21e-07   3.86e-07   ok
  880     15.52 (   0.10)     24.27 (   0.06)     16.85 (   0.09)     14.11 (   0.11)   4.51e-07   4.16e-07   4.16e-07   ok
  890     15.69 (   0.10)     24.37 (   0.07)     17.23 (   0.09)     14.15 (   0.11)   4.80e-07   4.80e-07   4.80e-07   ok
  900     15.18 (   0.11)     24.56 (   0.07)     17.09 (   0.09)     13.63 (   0.12)   3.73e-07   4.41e-07   4.07e-07   ok
 1000     17.42 (   0.11)     28.18 (   0.07)     19.26 (   0.10)     15.05 (   0.13)   6.71e-07   6.41e-07   6.10e-07   ok
 1100     18.64 (   0.13)     31.85 (   0.08)     20.73 (   0.12)     15.95 (   0.15)   5.55e-07   5.83e-07   5.83e-07   ok
 1200     21.32 (   0.14)     35.56 (   0.08)     23.43 (   0.12)     16.27 (   0.18)   6.61e-07   6.36e-07   5.85e-07   ok
 1300     22.52 (   0.15)     39.74 (   0.09)     25.61 (   0.13)     15.16 (   0.22)   5.87e-07   5.63e-07   5.40e-07   ok
 1400     24.82 (   0.16)     44.11 (   0.09)     28.03 (   0.14)     17.36 (   0.23)   5.67e-07   5.67e-07   5.23e-07   ok
 1500     26.64 (   0.17)     48.43 (   0.09)     28.53 (   0.16)     17.80 (   0.25)   6.51e-07   5.70e-07   5.70e-07   ok
 1600     29.28 (   0.17)     52.80 (   0.10)     31.23 (   0.16)     16.80 (   0.30)   6.10e-07   6.10e-07   6.10e-07   ok
 1700     30.94 (   0.19)     55.51 (   0.10)     33.41 (   0.17)     17.01 (   0.34)   6.46e-07   6.10e-07   5.74e-07   ok
 1800     32.88 (   0.20)     60.03 (   0.11)     35.83 (   0.18)     17.72 (   0.37)   8.14e-07   8.48e-07   8.14e-07   ok
 1900     34.59 (   0.21)     63.39 (   0.11)     37.64 (   0.19)     17.49 (   0.41)   7.39e-07   7.39e-07   7.39e-07   ok
 2000     35.91 (   0.22)     62.99 (   0.13)     36.57 (   0.22)     18.03 (   0.44)   7.32e-07   8.54e-07   8.85e-07   ok
 2100     38.71 (   0.23)     64.37 (   0.14)     24.24 (   0.36)     18.34 (   0.48)   8.43e-07   7.85e-07   7.85e-07   ok
 2200     39.55 (   0.24)     68.15 (   0.14)     25.21 (   0.38)     17.68 (   0.55)   7.21e-07   7.77e-07   8.05e-07   ok
 2300     42.16 (   0.25)     71.49 (   0.15)     25.69 (   0.41)     19.45 (   0.54)   8.49e-07   7.70e-07   7.70e-07   ok
 2400     43.82 (   0.26)     76.85 (   0.15)     27.05 (   0.43)     19.53 (   0.59)   6.36e-07   6.87e-07   7.12e-07   ok
 2500     44.64 (   0.28)     79.11 (   0.16)     28.09 (   0.45)     20.40 (   0.61)   9.03e-07   8.06e-07   8.06e-07   ok
 2600     47.16 (   0.29)     79.56 (   0.17)     28.78 (   0.47)     20.10 (   0.67)   8.92e-07   8.45e-07   8.92e-07   ok
 2700     49.10 (   0.30)     86.77 (   0.17)     30.20 (   0.48)     20.65 (   0.71)   7.69e-07   7.01e-07   6.78e-07   ok
 2800     50.96 (   0.31)     86.11 (   0.18)     30.95 (   0.51)     20.56 (   0.76)   9.37e-07   9.37e-07   8.94e-07   ok
 2900     52.28 (   0.32)     92.01 (   0.18)     32.55 (   0.52)     20.59 (   0.82)   1.05e-06   1.05e-06   1.14e-06   ok
 3000     52.34 (   0.34)     94.29 (   0.19)     33.28 (   0.54)     20.14 (   0.89)   9.36e-07   8.95e-07   7.73e-07   ok
 3100     55.92 (   0.34)     99.19 (   0.19)     34.14 (   0.56)     21.05 (   0.91)   9.06e-07   9.84e-07   9.45e-07   ok
 3200     57.40 (   0.36)    102.42 (   0.20)     35.26 (   0.58)     20.63 (   0.99)   9.16e-07   8.77e-07   8.77e-07   ok
 3300     59.18 (   0.37)    105.28 (   0.21)     36.38 (   0.60)     21.01 (   1.04)   9.62e-07   9.62e-07   9.25e-07   ok
 3400     61.47 (   0.38)    107.06 (   0.22)     37.18 (   0.62)     21.99 (   1.05)   1.15e-06   1.11e-06   1.15e-06   ok
 3500     62.83 (   0.39)    109.82 (   0.22)     38.47 (   0.64)     21.55 (   1.14)   8.72e-07   9.42e-07   8.72e-07   ok
 3600     64.31 (   0.40)    112.23 (   0.23)     39.29 (   0.66)     21.65 (   1.20)   1.19e-06   1.15e-06   1.15e-06   ok
 3700     66.32 (   0.41)    112.73 (   0.24)     40.52 (   0.68)     21.81 (   1.26)   8.58e-07   8.91e-07   9.24e-07   ok
 3800     68.15 (   0.42)    114.20 (   0.25)     41.45 (   0.70)     21.72 (   1.33)   1.09e-06   1.03e-06   1.03e-06   ok
 3900     68.50 (   0.44)    111.46 (   0.27)     42.61 (   0.71)     21.10 (   1.44)   1.41e-06   1.28e-06   1.25e-06   ok
 4000     69.89 (   0.46)    115.53 (   0.28)     43.55 (   0.74)     21.60 (   1.48)   1.13e-06   1.16e-06   1.13e-06   ok
 4100     70.07 (   0.48)    112.48 (   0.30)     31.64 (   1.06)     22.46 (   1.50)   1.13e-06   1.10e-06   1.07e-06   ok
 4200     72.59 (   0.49)    114.56 (   0.31)     32.55 (   1.08)     22.46 (   1.57)   1.13e-06   1.13e-06   1.10e-06   ok
 4300     74.27 (   0.50)    115.18 (   0.32)     33.57 (   1.10)     22.34 (   1.66)   1.02e-06   1.08e-06   1.14e-06   ok
 4400     76.37 (   0.51)    115.29 (   0.34)     34.48 (   1.12)     23.15 (   1.67)   1.25e-06   1.22e-06   1.30e-06   ok
 4500     76.71 (   0.53)    115.43 (   0.35)     35.56 (   1.14)     22.63 (   1.79)   1.17e-06   1.09e-06   1.03e-06   ok
 4600     78.84 (   0.54)    116.27 (   0.36)     35.51 (   1.19)     22.76 (   1.86)   1.41e-06   1.51e-06   1.54e-06   ok
 4700     81.08 (   0.55)    114.48 (   0.39)     36.52 (   1.21)     22.28 (   1.98)   1.40e-06   1.22e-06   1.32e-06   ok
 4800     81.16 (   0.57)    118.82 (   0.39)     37.35 (   1.23)     22.41 (   2.06)   1.22e-06   1.09e-06   1.09e-06   ok
 4900     79.91 (   0.60)    117.74 (   0.41)     38.21 (   1.26)     22.76 (   2.11)   1.35e-06   1.20e-06   1.15e-06   ok
 5000     82.00 (   0.61)    117.12 (   0.43)     37.66 (   1.33)     22.60 (   2.21)   1.07e-06   1.07e-06   1.05e-06   ok
 5100     80.17 (   0.65)    117.45 (   0.44)     39.48 (   1.32)     23.56 (   2.21)   1.20e-06   1.32e-06   1.24e-06   ok
 5200     81.70 (   0.66)    116.58 (   0.46)     40.37 (   1.34)     23.27 (   2.32)   1.29e-06   1.46e-06   1.31e-06   ok
 5300     81.21 (   0.69)    119.82 (   0.47)     40.95 (   1.37)     23.43 (   2.40)   1.20e-06   1.27e-06   1.20e-06   ok
 5400     81.58 (   0.72)    122.33 (   0.48)     41.73 (   1.40)     24.19 (   2.41)   1.54e-06   1.60e-06   1.51e-06   ok
 5500     81.56 (   0.74)    120.29 (   0.50)     42.29 (   1.43)     23.93 (   2.53)   1.40e-06   1.46e-06   1.40e-06   ok
 5600     83.85 (   0.75)    121.36 (   0.52)     42.82 (   1.46)     24.02 (   2.61)   1.53e-06   1.31e-06   1.48e-06   ok
 5700     82.68 (   0.79)    121.69 (   0.53)     43.45 (   1.50)     23.57 (   2.76)   1.46e-06   1.54e-06   1.54e-06   ok
 5800     82.77 (   0.81)    121.50 (   0.55)     43.89 (   1.53)     23.71 (   2.84)   1.47e-06   1.43e-06   1.35e-06   ok
 5900     84.00 (   0.83)    122.61 (   0.57)     45.01 (   1.55)     23.29 (   2.99)   1.28e-06   1.24e-06   1.24e-06   ok
 6000     83.44 (   0.86)    124.35 (   0.58)     45.60 (   1.58)     23.80 (   3.03)   1.30e-06   1.34e-06   1.26e-06   ok
 6100     84.19 (   0.88)    124.28 (   0.60)     46.06 (   1.62)     23.46 (   3.17)   1.52e-06   1.44e-06   1.36e-06   ok
 6200     85.34 (   0.90)    123.00 (   0.63)     36.86 (   2.09)     23.43 (   3.28)   1.42e-06   1.30e-06   1.38e-06   ok
 6300     86.97 (   0.91)    126.81 (   0.63)     37.77 (   2.10)     23.43 (   3.39)   1.98e-06   1.98e-06   1.98e-06   failed
 6400     86.80 (   0.94)    127.42 (   0.64)     38.41 (   2.13)     23.72 (   3.45)   1.49e-06   1.37e-06   1.37e-06   ok
 6500     87.20 (   0.97)    126.33 (   0.67)     38.41 (   2.20)     23.73 (   3.56)   1.65e-06   1.50e-06   1.46e-06   ok
 6600     89.27 (   0.98)    127.56 (   0.68)     39.28 (   2.22)     24.16 (   3.61)   1.66e-06   1.70e-06   1.63e-06   ok
 6700     88.22 (   1.02)    128.06 (   0.70)     39.77 (   2.26)     24.54 (   3.66)   1.49e-06   1.57e-06   1.64e-06   ok
 6800     87.85 (   1.05)    128.80 (   0.72)     40.09 (   2.31)     24.62 (   3.76)   1.65e-06   1.69e-06   1.58e-06   ok
 6900     89.52 (   1.06)    132.31 (   0.72)     41.00 (   2.32)     24.77 (   3.84)   1.59e-06   1.63e-06   1.59e-06   ok
 7000     88.62 (   1.11)    131.59 (   0.74)     41.58 (   2.36)     24.97 (   3.93)   1.36e-06   1.40e-06   1.29e-06   ok
 7100     90.76 (   1.11)    129.57 (   0.78)     42.21 (   2.39)     24.30 (   4.15)   1.65e-06   1.55e-06   1.48e-06   ok
 7200     91.43 (   1.13)    131.08 (   0.79)     42.55 (   2.44)     24.49 (   4.23)   2.14e-06   2.17e-06   2.14e-06   failed
 7300     90.95 (   1.17)    131.57 (   0.81)     41.73 (   2.55)     23.42 (   4.55)   1.64e-06   1.54e-06   1.47e-06   ok
 7400     91.28 (   1.20)    133.24 (   0.82)     42.69 (   2.57)     24.15 (   4.54)   1.68e-06   1.68e-06   1.72e-06   ok
 7500     92.44 (   1.22)    133.31 (   0.84)     43.92 (   2.56)     23.68 (   4.75)   1.73e-06   1.66e-06   1.73e-06   ok
 7600     94.08 (   1.23)    134.35 (   0.86)     44.16 (   2.62)     23.76 (   4.86)   1.73e-06   1.61e-06   1.61e-06   ok
 7700     93.17 (   1.27)    131.63 (   0.90)     44.75 (   2.65)     23.55 (   5.03)   1.68e-06   1.68e-06   1.78e-06   ok
 7800     94.05 (   1.29)    132.00 (   0.92)     43.82 (   2.78)     23.75 (   5.12)   1.50e-06   1.53e-06   1.53e-06   ok
 7900     94.92 (   1.32)    133.10 (   0.94)     44.69 (   2.79)     23.81 (   5.24)   1.51e-06   1.48e-06   1.45e-06   ok
 8000     94.76 (   1.35)    135.45 (   0.95)     45.62 (   2.81)     23.75 (   5.39)   1.71e-06   1.86e-06   1.98e-06   failed
 8100     95.38 (   1.38)    135.58 (   0.97)     46.44 (   2.83)     23.99 (   5.47)   1.48e-06   1.45e-06   1.42e-06   ok
 8200     96.70 (   1.39)    135.74 (   0.99)     38.63 (   3.48)     23.75 (   5.66)   1.58e-06   1.46e-06   1.52e-06   ok
 8300     97.79 (   1.41)    132.77 (   1.04)     39.06 (   3.53)     23.80 (   5.79)   1.68e-06   1.65e-06   1.68e-06   ok
 8400     96.87 (   1.46)    133.90 (   1.05)     39.60 (   3.56)     24.06 (   5.87)   1.71e-06   1.71e-06   1.83e-06   failed
 8500     99.66 (   1.45)    132.72 (   1.09)     40.55 (   3.56)     23.74 (   6.09)   1.67e-06   1.58e-06   1.61e-06   ok
 8600     99.49 (   1.49)    134.48 (   1.10)     41.37 (   3.58)     24.24 (   6.10)   1.65e-06   1.67e-06   1.65e-06   ok
 8700     98.24 (   1.54)    134.94 (   1.12)     41.63 (   3.64)     24.39 (   6.21)   1.99e-06   1.91e-06   1.82e-06   failed
 8800     98.35 (   1.57)    135.75 (   1.14)     41.36 (   3.75)     24.09 (   6.43)   2.03e-06   1.89e-06   1.78e-06   failed
 8900     99.21 (   1.60)    134.03 (   1.18)     41.65 (   3.80)     23.92 (   6.62)   1.84e-06   1.73e-06   1.76e-06   failed
 9000     99.41 (   1.63)    134.14 (   1.21)     41.37 (   3.92)     23.91 (   6.78)   1.65e-06   1.60e-06   1.55e-06   ok
10000    102.31 (   1.96)    136.73 (   1.46)     46.22 (   4.33)     24.12 (   8.29)   1.71e-06   1.95e-06   1.71e-06   failed
12000    103.68 (   2.78)    140.23 (   2.05)     44.71 (   6.44)     24.08 (  11.96)   2.08e-06   1.87e-06   1.87e-06   failed
14000    111.15 (   3.53)    141.37 (   2.77)     46.60 (   8.41)     24.28 (  16.14)   2.58e-06   2.27e-06   2.55e-06   failed
16000    111.21 (   4.60)    140.32 (   3.65)     46.05 (  11.12)     23.63 (  21.67)   2.62e-06   2.59e-06   2.59e-06   failed
18000    113.35 (   5.72)    143.53 (   4.51)     46.18 (  14.03)     24.27 (  26.71)   2.50e-06   2.50e-06   2.41e-06   failed
20000    116.88 (   6.84)    143.43 (   5.58)     45.19 (  17.70)     24.35 (  32.85)   2.69e-06   2.64e-06   2.66e-06   failed
Sat Sep 12 10:53:10 EDT 2015

Sat Sep 12 10:53:10 EDT 2015
numactl --interleave=all ../testing/testing_ssymv -U -N 123 -N 1234 --range 10:90:1 --range 100:900:10 --range 1000:9000:100 --range 10000:20000:2000 --lapack
% MAGMA 1.7.0  compiled for CUDA capability >= 3.5, 32-bit magma_int_t, 64-bit pointer.
% CUDA runtime 7000, driver 7000. OpenMP threads 16. MKL 11.2.2, MKL threads 16. 
% device 0: Tesla K40c, 745.0 MHz clock, 11519.6 MB memory, capability 3.5
% device 1: Tesla K40c, 745.0 MHz clock, 11519.6 MB memory, capability 3.5
% device 2: Tesla K40c, 745.0 MHz clock, 11519.6 MB memory, capability 3.5
% Sat Sep 12 10:53:16 2015
% Usage: ../testing/testing_ssymv [options] [-h|--help]

% uplo = Upper
%   N   MAGMA Gflop/s (ms)    Atomics Gflop/s      CUBLAS Gflop/s       CPU Gflop/s   MAGMA error  Atomics    CUBLAS
%=====================================================================================================================
  123      0.66 (   0.05)      0.68 (   0.05)      0.42 (   0.07)      0.44 (   0.07)   1.86e-07   2.48e-07   1.86e-07   ok
 1234     19.79 (   0.15)     38.62 (   0.08)     23.81 (   0.13)      8.71 (   0.35)   5.44e-07   5.44e-07   5.19e-07   ok
   10      0.01 (   0.03)      0.01 (   0.03)      0.01 (   0.03)      0.12 (   0.00)   9.54e-08   9.54e-08   4.77e-08   ok
   11      0.01 (   0.03)      0.01 (   0.03)      0.01 (   0.02)      0.12 (   0.00)   4.33e-08   4.33e-08   4.33e-08   ok
   12      0.01 (   0.03)      0.01 (   0.03)      0.01 (   0.02)      0.16 (   0.00)   1.99e-08   1.99e-08   3.97e-08   ok
   13      0.01 (   0.03)      0.01 (   0.03)      0.02 (   0.02)      0.17 (   0.00)   3.67e-08   3.67e-08   7.34e-08   ok
   14      0.01 (   0.04)      0.02 (   0.03)      0.02 (   0.02)      0.20 (   0.00)   6.81e-08   6.81e-08   6.81e-08   ok
   15      0.02 (   0.03)      0.02 (   0.03)      0.02 (   0.02)      0.15 (   0.00)   9.54e-08   6.36e-08   9.54e-08   ok
   16      0.02 (   0.03)      0.02 (   0.03)      0.02 (   0.02)      0.25 (   0.00)   2.98e-08   2.98e-08   5.96e-08   ok
   17      0.02 (   0.03)      0.02 (   0.03)      0.03 (   0.02)      0.32 (   0.00)   1.12e-07   1.12e-07   1.12e-07   ok
   18      0.02 (   0.03)      0.03 (   0.02)      0.03 (   0.02)      0.32 (   0.00)   5.30e-08   7.95e-08   7.95e-08   ok
   19      0.02 (   0.03)      0.03 (   0.03)      0.03 (   0.02)      0.27 (   0.00)   2.51e-08   5.02e-08   5.02e-08   ok
   20      0.03 (   0.03)      0.03 (   0.03)      0.04 (   0.02)      0.44 (   0.00)   7.15e-08   7.15e-08   7.15e-08   ok
   21      0.03 (   0.03)      0.04 (   0.02)      0.04 (   0.02)      0.30 (   0.00)   9.08e-08   9.08e-08   4.54e-08   ok
   22      0.03 (   0.03)      0.04 (   0.02)      0.04 (   0.02)      0.35 (   0.00)   4.33e-08   8.67e-08   8.67e-08   ok
   23      0.04 (   0.03)      0.02 (   0.06)      0.05 (   0.02)      0.36 (   0.00)   4.15e-08   4.15e-08   8.29e-08   ok
   24      0.04 (   0.03)      0.05 (   0.03)      0.05 (   0.02)      0.39 (   0.00)   7.95e-08   7.95e-08   7.95e-08   ok
   25      0.04 (   0.03)      0.05 (   0.03)      0.05 (   0.02)      0.42 (   0.00)   7.63e-08   7.63e-08   7.63e-08   ok
   26      0.04 (   0.03)      0.05 (   0.03)      0.06 (   0.03)      0.45 (   0.00)   1.10e-07   1.10e-07   1.10e-07   ok
   27      0.05 (   0.03)      0.06 (   0.03)      0.06 (   0.03)      0.70 (   0.00)   1.06e-07   7.06e-08   1.06e-07   ok
   28      0.05 (   0.03)      0.05 (   0.03)      0.06 (   0.03)      0.52 (   0.00)   6.81e-08   6.81e-08   1.02e-07   ok
   29      0.05 (   0.03)      0.06 (   0.03)      0.07 (   0.02)      0.56 (   0.00)   9.87e-08   1.32e-07   6.58e-08   ok
   30      0.06 (   0.03)      0.07 (   0.03)      0.07 (   0.03)      0.65 (   0.00)   9.54e-08   9.54e-08   9.54e-08   ok
   31      0.06 (   0.03)      0.08 (   0.03)      0.08 (   0.02)      0.64 (   0.00)   9.23e-08   9.23e-08   6.15e-08   ok
   32      0.07 (   0.03)      0.08 (   0.03)      0.09 (   0.02)      0.98 (   0.00)   5.96e-08   5.96e-08   8.94e-08   ok
   33      0.07 (   0.03)      0.08 (   0.03)      0.08 (   0.03)      1.05 (   0.00)   8.67e-08   8.67e-08   8.67e-08   ok
   34      0.07 (   0.03)      0.09 (   0.03)      0.09 (   0.03)      0.77 (   0.00)   8.41e-08   1.12e-07   1.12e-07   ok
   35      0.08 (   0.03)      0.09 (   0.03)      0.10 (   0.03)      0.81 (   0.00)   8.17e-08   8.17e-08   5.45e-08   ok
   36      0.09 (   0.03)      0.10 (   0.03)      0.10 (   0.03)      0.93 (   0.00)   7.95e-08   1.06e-07   7.95e-08   ok
   37      0.09 (   0.03)      0.10 (   0.03)      0.11 (   0.03)      0.91 (   0.00)   7.73e-08   7.73e-08   7.73e-08   ok
   38      0.09 (   0.03)      0.11 (   0.03)      0.11 (   0.03)      0.96 (   0.00)   1.00e-07   1.00e-07   1.00e-07   ok
   39      0.09 (   0.03)      0.12 (   0.03)      0.12 (   0.03)      1.09 (   0.00)   7.34e-08   4.89e-08   4.89e-08   ok
   40      0.10 (   0.03)      0.12 (   0.03)      0.12 (   0.03)      1.06 (   0.00)   9.54e-08   7.15e-08   9.54e-08   ok
   41      0.10 (   0.03)      0.12 (   0.03)      0.13 (   0.03)      1.11 (   0.00)   6.98e-08   9.30e-08   9.30e-08   ok
   42      0.11 (   0.03)      0.13 (   0.03)      0.13 (   0.03)      1.26 (   0.00)   9.08e-08   9.08e-08   9.08e-08   ok
   43      0.13 (   0.03)      0.14 (   0.03)      0.14 (   0.03)      1.22 (   0.00)   8.87e-08   8.87e-08   8.87e-08   ok
   44      0.13 (   0.03)      0.15 (   0.03)      0.15 (   0.03)      1.28 (   0.00)   1.30e-07   1.30e-07   1.08e-07   ok
   45      0.14 (   0.03)      0.15 (   0.03)      0.16 (   0.03)      1.45 (   0.00)   1.06e-07   8.48e-08   8.48e-08   ok
   46      0.14 (   0.03)      0.16 (   0.03)      0.17 (   0.03)      1.51 (   0.00)   8.29e-08   8.29e-08   8.29e-08   ok
   47      0.14 (   0.03)      0.17 (   0.03)      0.17 (   0.03)      1.18 (   0.00)   1.22e-07   1.22e-07   1.22e-07   ok
   48      0.16 (   0.03)      0.17 (   0.03)      0.17 (   0.03)      1.64 (   0.00)   7.95e-08   1.19e-07   1.19e-07   ok
   49      0.16 (   0.03)      0.17 (   0.03)      0.19 (   0.03)      1.21 (   0.00)   1.56e-07   1.56e-07   1.56e-07   ok
   50      0.16 (   0.03)      0.18 (   0.03)      0.19 (   0.03)      1.65 (   0.00)   1.14e-07   7.63e-08   1.14e-07   ok
   51      0.17 (   0.03)      0.18 (   0.03)      0.19 (   0.03)      1.31 (   0.00)   1.12e-07   1.12e-07   1.12e-07   ok
   52      0.17 (   0.03)      0.18 (   0.03)      0.20 (   0.03)      1.36 (   0.00)   1.10e-07   7.34e-08   7.34e-08   ok
   53      0.18 (   0.03)      0.19 (   0.03)      0.20 (   0.03)      1.41 (   0.00)   1.44e-07   1.44e-07   1.44e-07   ok
   54      0.19 (   0.03)      0.20 (   0.03)      0.21 (   0.03)      1.47 (   0.00)   1.06e-07   1.06e-07   1.06e-07   ok
   55      0.19 (   0.03)      0.21 (   0.03)      0.22 (   0.03)      1.52 (   0.00)   1.39e-07   1.04e-07   1.39e-07   ok
   56      0.19 (   0.03)      0.21 (   0.03)      0.22 (   0.03)      1.67 (   0.00)   1.36e-07   1.36e-07   1.02e-07   ok
   57      0.20 (   0.03)      0.22 (   0.03)      0.24 (   0.03)      1.63 (   0.00)   6.69e-08   1.00e-07   1.00e-07   ok
   58      0.21 (   0.03)      0.22 (   0.03)      0.25 (   0.03)      1.37 (   0.01)   1.32e-07   9.87e-08   1.32e-07   ok
   59      0.21 (   0.03)      0.24 (   0.03)      0.25 (   0.03)      1.41 (   0.01)   1.29e-07   1.29e-07   9.70e-08   ok
   60      0.24 (   0.03)      0.24 (   0.03)      0.25 (   0.03)      1.81 (   0.00)   1.27e-07   1.27e-07   9.54e-08   ok
   61      0.23 (   0.03)      0.24 (   0.03)      0.27 (   0.03)      1.51 (   0.01)   9.38e-08   9.38e-08   9.38e-08   ok
   62      0.25 (   0.03)      0.25 (   0.03)      0.27 (   0.03)      1.56 (   0.01)   1.23e-07   1.23e-07   1.23e-07   ok
   63      0.24 (   0.03)      0.25 (   0.03)      0.27 (   0.03)      1.99 (   0.00)   1.51e-07   9.08e-08   1.21e-07   ok
   64      0.25 (   0.03)      0.26 (   0.03)      0.29 (   0.03)      2.18 (   0.00)   8.94e-08   8.94e-08   8.94e-08   ok
   65      0.22 (   0.04)      0.22 (   0.04)      0.27 (   0.03)      2.12 (   0.00)   1.17e-07   8.80e-08   1.17e-07   ok
   66      0.23 (   0.04)      0.23 (   0.04)      0.29 (   0.03)      1.77 (   0.01)   1.73e-07   1.44e-07   1.16e-07   ok
   67      0.25 (   0.04)      0.20 (   0.05)      0.30 (   0.03)      2.25 (   0.00)   1.14e-07   1.14e-07   1.14e-07   ok
   68      0.28 (   0.03)      0.25 (   0.04)      0.31 (   0.03)      2.32 (   0.00)   1.40e-07   1.12e-07   1.12e-07   ok
   69      0.27 (   0.04)      0.27 (   0.04)      0.35 (   0.03)      1.93 (   0.01)   1.38e-07   1.11e-07   1.11e-07   ok
   70      0.29 (   0.03)      0.27 (   0.04)      0.34 (   0.03)      2.45 (   0.00)   1.09e-07   1.09e-07   1.09e-07   ok
   71      0.29 (   0.04)      0.26 (   0.04)      0.35 (   0.03)      2.52 (   0.00)   1.34e-07   1.61e-07   1.34e-07   ok
   72      0.30 (   0.04)      0.28 (   0.04)      0.36 (   0.03)      2.59 (   0.00)   1.59e-07   1.32e-07   1.32e-07   ok
   73      0.30 (   0.04)      0.29 (   0.04)      0.37 (   0.03)      2.16 (   0.01)   1.57e-07   1.05e-07   1.31e-07   ok
   74      0.33 (   0.03)      0.29 (   0.04)      0.40 (   0.03)      2.91 (   0.00)   1.80e-07   1.03e-07   1.29e-07   ok
   75      0.33 (   0.03)      0.31 (   0.04)      0.39 (   0.03)      2.28 (   0.01)   1.53e-07   1.02e-07   1.02e-07   ok
   76      0.35 (   0.03)      0.31 (   0.04)      0.41 (   0.03)      2.34 (   0.01)   1.00e-07   1.00e-07   1.51e-07   ok
   77      0.34 (   0.04)      0.32 (   0.04)      0.42 (   0.03)      2.40 (   0.01)   1.49e-07   1.49e-07   1.49e-07   ok
   78      0.36 (   0.03)      0.32 (   0.04)      0.42 (   0.03)      2.46 (   0.01)   1.22e-07   9.78e-08   9.78e-08   ok
   79      0.36 (   0.04)      0.32 (   0.04)      0.42 (   0.03)      2.52 (   0.01)   1.45e-07   1.45e-07   1.45e-07   ok
   80      0.37 (   0.03)      0.34 (   0.04)      0.43 (   0.03)      2.59 (   0.01)   1.43e-07   1.43e-07   1.43e-07   ok
   81      0.37 (   0.04)      0.34 (   0.04)      0.44 (   0.03)      2.65 (   0.01)   1.41e-07   9.42e-08   1.18e-07   ok
   82      0.37 (   0.04)      0.35 (   0.04)      0.44 (   0.03)      2.28 (   0.01)   1.63e-07   1.40e-07   9.30e-08   ok
   83      0.38 (   0.04)      0.36 (   0.04)      0.45 (   0.03)      3.44 (   0.00)   1.38e-07   1.38e-07   1.15e-07   ok
   84      0.34 (   0.04)      0.37 (   0.04)      0.48 (   0.03)      2.30 (   0.01)   1.82e-07   1.82e-07   1.82e-07   ok
   85      0.42 (   0.04)      0.39 (   0.04)      0.49 (   0.03)      2.92 (   0.01)   1.35e-07   1.57e-07   1.35e-07   ok
   86      0.39 (   0.04)      0.39 (   0.04)      0.50 (   0.03)      2.99 (   0.01)   1.33e-07   1.33e-07   1.33e-07   ok
   87      0.41 (   0.04)      0.40 (   0.04)      0.49 (   0.03)      2.57 (   0.01)   1.75e-07   1.32e-07   1.32e-07   ok
   88      0.41 (   0.04)      0.42 (   0.04)      0.52 (   0.03)      3.13 (   0.01)   1.30e-07   1.30e-07   1.73e-07   ok
   89      0.42 (   0.04)      0.42 (   0.04)      0.52 (   0.03)      2.69 (   0.01)   1.71e-07   1.71e-07   1.71e-07   ok
   90      0.43 (   0.04)      0.42 (   0.04)      0.55 (   0.03)      3.27 (   0.01)   1.27e-07   1.27e-07   1.27e-07   ok
  100      0.58 (   0.03)      0.52 (   0.04)      0.63 (   0.03)      3.39 (   0.01)   1.14e-07   1.14e-07   1.14e-07   ok
  110      0.64 (   0.04)      0.63 (   0.04)      0.72 (   0.03)      4.10 (   0.01)   1.73e-07   2.08e-07   1.73e-07   ok
  120      0.81 (   0.04)      0.74 (   0.04)      0.86 (   0.03)      4.20 (   0.01)   1.91e-07   1.59e-07   1.91e-07   ok
  130      0.78 (   0.04)      0.88 (   0.04)      0.95 (   0.04)      4.20 (   0.01)   2.35e-07   1.76e-07   1.76e-07   ok
  140      0.90 (   0.04)      0.99 (   0.04)      1.10 (   0.04)      4.87 (   0.01)   1.63e-07   1.91e-07   1.91e-07   ok
  150      1.01 (   0.05)      1.13 (   0.04)      1.23 (   0.04)      4.13 (   0.01)   1.78e-07   2.03e-07   1.78e-07   ok
  160      1.26 (   0.04)      1.32 (   0.04)      1.43 (   0.04)      6.55 (   0.01)   1.91e-07   1.91e-07   2.15e-07   ok
  170      1.35 (   0.04)      1.49 (   0.04)      1.57 (   0.04)      5.30 (   0.01)   2.24e-07   2.24e-07   1.80e-07   ok
  180      1.59 (   0.04)      1.64 (   0.04)      1.72 (   0.04)      7.19 (   0.01)   1.70e-07   1.48e-07   1.48e-07   ok
  190      1.73 (   0.04)      1.77 (   0.04)      1.91 (   0.04)      7.25 (   0.01)   3.21e-07   2.81e-07   2.41e-07   ok
  200      1.64 (   0.05)      1.96 (   0.04)      2.01 (   0.04)      8.03 (   0.01)   2.29e-07   2.29e-07   2.29e-07   ok
  210      1.93 (   0.05)      2.16 (   0.04)      2.21 (   0.04)      7.91 (   0.01)   2.54e-07   2.91e-07   2.54e-07   ok
  220      1.99 (   0.05)      2.27 (   0.04)      2.37 (   0.04)      8.87 (   0.01)   2.77e-07   2.77e-07   2.43e-07   ok
  230      2.17 (   0.05)      2.53 (   0.04)      2.53 (   0.04)      7.55 (   0.01)   3.32e-07   2.65e-07   2.99e-07   ok
  240      2.32 (   0.05)      2.70 (   0.04)      2.76 (   0.04)      7.24 (   0.02)   2.23e-07   2.54e-07   2.54e-07   ok
  250      2.67 (   0.05)      3.06 (   0.04)      3.06 (   0.04)      7.86 (   0.02)   2.14e-07   2.14e-07   2.14e-07   ok
  260      2.61 (   0.05)      3.01 (   0.05)      3.23 (   0.04)      3.39 (   0.04)   2.93e-07   2.93e-07   2.93e-07   ok
  270      2.82 (   0.05)      3.41 (   0.04)      3.34 (   0.04)      3.86 (   0.04)   2.83e-07   2.83e-07   2.83e-07   ok
  280      2.86 (   0.06)      3.57 (   0.04)      3.49 (   0.05)      4.13 (   0.04)   3.00e-07   2.72e-07   2.45e-07   ok
  290      3.17 (   0.05)      3.93 (   0.04)      3.67 (   0.05)      4.21 (   0.04)   2.63e-07   2.37e-07   2.37e-07   ok
  300      3.29 (   0.05)      4.12 (   0.04)      4.01 (   0.05)      4.01 (   0.05)   3.31e-07   3.56e-07   3.05e-07   ok
  310      3.71 (   0.05)      4.47 (   0.04)      4.30 (   0.04)      4.02 (   0.05)   2.71e-07   2.95e-07   3.20e-07   ok
  320      3.95 (   0.05)      4.79 (   0.04)      4.56 (   0.05)      3.49 (   0.06)   3.34e-07   3.10e-07   3.10e-07   ok
  330      3.83 (   0.06)      4.87 (   0.04)      4.54 (   0.05)      3.76 (   0.06)   2.54e-07   2.77e-07   3.01e-07   ok
  340      4.00 (   0.06)      5.17 (   0.04)      4.74 (   0.05)      3.94 (   0.06)   3.59e-07   2.69e-07   3.14e-07   ok
  350      4.17 (   0.06)      5.48 (   0.04)      5.13 (   0.05)      3.41 (   0.07)   2.83e-07   2.62e-07   2.62e-07   ok
  360      4.56 (   0.06)      5.92 (   0.04)      5.29 (   0.05)      4.49 (   0.06)   2.97e-07   2.54e-07   2.97e-07   ok
  370      4.57 (   0.06)      6.09 (   0.05)      5.38 (   0.05)      4.04 (   0.07)   2.89e-07   2.47e-07   2.47e-07   ok
  380      4.82 (   0.06)      6.29 (   0.05)      5.68 (   0.05)      4.32 (   0.07)   4.02e-07   3.21e-07   3.61e-07   ok
  390      4.85 (   0.06)      6.46 (   0.05)      5.87 (   0.05)      6.80 (   0.04)   3.13e-07   3.52e-07   3.13e-07   ok
  400      5.08 (   0.06)      6.97 (   0.05)      6.32 (   0.05)      7.27 (   0.04)   3.43e-07   2.67e-07   3.05e-07   ok
  410      5.10 (   0.07)      7.18 (   0.05)      6.48 (   0.05)      6.48 (   0.05)   4.09e-07   4.09e-07   4.47e-07   ok
  420      5.53 (   0.06)      7.38 (   0.05)      6.53 (   0.05)      6.80 (   0.05)   3.27e-07   3.27e-07   3.27e-07   ok
  430      5.61 (   0.07)      7.89 (   0.05)      6.88 (   0.05)      6.50 (   0.06)   3.55e-07   3.90e-07   3.90e-07   ok
  440      6.17 (   0.06)      5.54 (   0.07)      7.47 (   0.05)      6.70 (   0.06)   3.81e-07   3.47e-07   3.47e-07   ok
  450      5.71 (   0.07)      8.47 (   0.05)      7.37 (   0.06)      6.35 (   0.06)   3.73e-07   4.07e-07   4.07e-07   ok
  460      6.07 (   0.07)      8.85 (   0.05)      7.70 (   0.06)      6.42 (   0.07)   3.32e-07   3.65e-07   3.65e-07   ok
  470      6.61 (   0.07)      9.43 (   0.05)      7.94 (   0.06)      5.99 (   0.07)   4.55e-07   3.57e-07   3.90e-07   ok
  480      6.50 (   0.07)      9.59 (   0.05)      8.24 (   0.06)      6.15 (   0.08)   3.18e-07   3.50e-07   3.50e-07   ok
  490      6.77 (   0.07)      9.05 (   0.05)      8.17 (   0.06)      5.87 (   0.08)   4.36e-07   4.05e-07   4.36e-07   ok
  500      7.27 (   0.07)     10.25 (   0.05)      8.34 (   0.06)      6.11 (   0.08)   3.97e-07   4.27e-07   3.97e-07   ok
  510      7.54 (   0.07)     10.41 (   0.05)      8.41 (   0.06)      5.78 (   0.09)   4.19e-07   3.59e-07   3.59e-07   ok
  520      7.43 (   0.07)     11.25 (   0.05)      8.88 (   0.06)      9.35 (   0.06)   3.52e-07   3.81e-07   3.81e-07   ok
  530      7.59 (   0.07)     11.46 (   0.05)      9.08 (   0.06)      8.81 (   0.06)   4.89e-07   4.89e-07   4.89e-07   ok
  540      7.78 (   0.08)     11.73 (   0.05)      9.11 (   0.06)      8.98 (   0.07)   3.96e-07   3.67e-07   4.24e-07   ok
  550      8.31 (   0.07)     12.40 (   0.05)      9.31 (   0.07)      8.65 (   0.07)   4.44e-07   4.72e-07   4.44e-07   ok
  560      8.50 (   0.07)     12.37 (   0.05)      9.65 (   0.07)      8.61 (   0.07)   4.36e-07   4.09e-07   3.81e-07   ok
  570      8.92 (   0.07)     13.00 (   0.05)      9.86 (   0.07)      8.13 (   0.08)   3.75e-07   3.75e-07   3.21e-07   ok
  580      8.41 (   0.08)     12.73 (   0.05)      9.92 (   0.07)      8.12 (   0.08)   3.95e-07   3.95e-07   3.68e-07   ok
  590      8.71 (   0.08)     13.67 (   0.05)     10.26 (   0.07)      7.66 (   0.09)   3.62e-07   4.14e-07   3.62e-07   ok
  600      9.03 (   0.08)     13.63 (   0.05)     10.29 (   0.07)      7.92 (   0.09)   3.81e-07   3.81e-07   4.58e-07   ok
  610      9.20 (   0.08)     13.77 (   0.05)     10.35 (   0.07)      7.11 (   0.10)   3.75e-07   3.75e-07   3.25e-07   ok
  620      9.53 (   0.08)     13.98 (   0.06)     10.69 (   0.07)      7.55 (   0.10)   4.18e-07   3.45e-07   3.94e-07   ok
  630      9.95 (   0.08)     15.02 (   0.05)     11.19 (   0.07)      7.23 (   0.11)   3.88e-07   4.12e-07   3.88e-07   ok
  640      9.89 (   0.08)     14.90 (   0.06)     11.40 (   0.07)     12.42 (   0.07)   3.58e-07   4.05e-07   3.58e-07   ok
  650      9.62 (   0.09)     15.71 (   0.05)     11.75 (   0.07)     11.27 (   0.08)   4.46e-07   4.46e-07   4.23e-07   ok
  660     10.03 (   0.09)     15.57 (   0.06)     11.77 (   0.07)     11.19 (   0.08)   3.70e-07   3.70e-07   3.70e-07   ok
  670     10.33 (   0.09)     16.61 (   0.05)     12.32 (   0.07)     10.56 (   0.09)   3.64e-07   3.87e-07   3.87e-07   ok
  680     10.41 (   0.09)     16.53 (   0.06)     12.18 (   0.08)     10.41 (   0.09)   3.59e-07   3.59e-07   3.59e-07   ok
  690     10.84 (   0.09)     16.73 (   0.06)     12.38 (   0.08)     10.05 (   0.09)   3.98e-07   3.10e-07   3.10e-07   ok
  700     11.43 (   0.09)     17.22 (   0.06)     12.74 (   0.08)      9.92 (   0.10)   3.71e-07   3.92e-07   3.71e-07   ok
  710     10.97 (   0.09)     18.02 (   0.06)     13.11 (   0.08)      9.60 (   0.11)   4.30e-07   4.73e-07   4.73e-07   ok
  720     11.05 (   0.09)     18.22 (   0.06)     13.32 (   0.08)      9.51 (   0.11)   3.81e-07   4.24e-07   3.81e-07   ok
  730     11.87 (   0.09)     19.38 (   0.06)     13.69 (   0.08)      8.90 (   0.12)   4.18e-07   4.18e-07   4.60e-07   ok
  740     11.08 (   0.10)     19.25 (   0.06)     13.69 (   0.08)      9.22 (   0.12)   4.54e-07   4.12e-07   4.54e-07   ok
  750     11.61 (   0.10)     19.44 (   0.06)     13.94 (   0.08)      8.88 (   0.13)   4.48e-07   4.48e-07   4.48e-07   ok
  760     12.19 (   0.09)     19.97 (   0.06)     14.27 (   0.08)      9.03 (   0.13)   4.42e-07   4.42e-07   4.42e-07   ok
  770     11.53 (   0.10)     20.49 (   0.06)     14.48 (   0.08)     12.64 (   0.09)   4.76e-07   4.36e-07   4.36e-07   ok
  780     12.20 (   0.10)     20.69 (   0.06)     14.68 (   0.08)     13.10 (   0.09)   5.48e-07   5.09e-07   5.09e-07   ok
  790     12.51 (   0.10)     21.14 (   0.06)     15.24 (   0.08)     12.51 (   0.10)   4.64e-07   4.64e-07   4.25e-07   ok
  800     12.44 (   0.10)     21.76 (   0.06)     15.45 (   0.08)     12.11 (   0.11)   4.96e-07   5.72e-07   5.34e-07   ok
  810     12.76 (   0.10)     22.68 (   0.06)     15.66 (   0.08)     11.50 (   0.11)   5.27e-07   6.40e-07   5.65e-07   ok
  820     13.07 (   0.10)     22.41 (   0.06)     15.64 (   0.09)     11.50 (   0.12)   5.58e-07   5.21e-07   5.58e-07   ok
  830     13.15 (   0.10)     22.60 (   0.06)     16.21 (   0.09)     11.13 (   0.12)   5.88e-07   5.52e-07   5.15e-07   ok
  840     12.97 (   0.11)     23.52 (   0.06)     16.42 (   0.09)     11.40 (   0.12)   7.27e-07   6.90e-07   6.54e-07   ok
  850     13.16 (   0.11)     23.70 (   0.06)     16.44 (   0.09)     10.72 (   0.13)   5.03e-07   4.67e-07   5.39e-07   ok
  860     13.22 (   0.11)     23.89 (   0.06)     16.65 (   0.09)     10.73 (   0.14)   5.68e-07   5.68e-07   6.03e-07   ok
  870     13.64 (   0.11)     24.83 (   0.06)     16.64 (   0.09)     10.67 (   0.14)   5.96e-07   5.61e-07   5.61e-07   ok
  880     13.96 (   0.11)     25.01 (   0.06)     17.02 (   0.09)     10.49 (   0.15)   4.86e-07   4.86e-07   4.86e-07   ok
  890     14.03 (   0.11)     25.10 (   0.06)     17.23 (   0.09)     10.17 (   0.16)   5.83e-07   5.83e-07   5.49e-07   ok
  900     13.88 (   0.12)     25.77 (   0.06)     17.05 (   0.10)     14.11 (   0.11)   5.09e-07   5.09e-07   5.09e-07   ok
 1000     16.02 (   0.12)     29.46 (   0.07)     18.87 (   0.11)     11.84 (   0.17)   5.80e-07   5.80e-07   5.49e-07   ok
 1100     17.55 (   0.14)     32.77 (   0.07)     21.25 (   0.11)     13.84 (   0.17)   5.83e-07   5.83e-07   6.10e-07   ok
 1200     19.50 (   0.15)     36.52 (   0.08)     23.25 (   0.12)     15.66 (   0.18)   5.59e-07   5.59e-07   5.59e-07   ok
 1300     20.77 (   0.16)     40.19 (   0.08)     25.61 (   0.13)     16.99 (   0.20)   5.63e-07   5.87e-07   6.34e-07   ok
 1400     23.21 (   0.17)     45.08 (   0.09)     28.22 (   0.14)     14.74 (   0.27)   6.54e-07   6.98e-07   6.54e-07   ok
 1500     24.88 (   0.18)     47.94 (   0.09)     29.06 (   0.15)     16.14 (   0.28)   7.32e-07   6.10e-07   6.51e-07   ok
 1600     26.96 (   0.19)     51.28 (   0.10)     31.23 (   0.16)     17.43 (   0.29)   8.77e-07   8.01e-07   8.01e-07   ok
 1700     28.64 (   0.20)     57.35 (   0.10)     33.27 (   0.17)     18.55 (   0.31)   7.90e-07   7.90e-07   7.18e-07   ok
 1800     30.15 (   0.22)     61.80 (   0.10)     36.21 (   0.18)     19.30 (   0.34)   9.16e-07   8.82e-07   9.16e-07   ok
 1900     32.72 (   0.22)     63.92 (   0.11)     38.02 (   0.19)     17.45 (   0.41)   8.35e-07   7.71e-07   8.35e-07   ok
 2000     33.64 (   0.24)     62.99 (   0.13)     38.11 (   0.21)     18.79 (   0.43)   8.85e-07   9.16e-07   8.54e-07   ok
 2100     36.14 (   0.24)     63.92 (   0.14)     24.45 (   0.36)     19.52 (   0.45)   1.02e-06   1.08e-06   9.88e-07   ok
 2200     37.23 (   0.26)     66.26 (   0.15)     25.61 (   0.38)     19.06 (   0.51)   8.60e-07   8.60e-07   8.60e-07   ok
 2300     39.32 (   0.27)     64.62 (   0.16)     25.95 (   0.41)     17.85 (   0.59)   8.49e-07   9.02e-07   9.02e-07   ok
 2400     40.86 (   0.28)     70.67 (   0.16)     27.17 (   0.42)     19.27 (   0.60)   8.65e-07   8.39e-07   8.90e-07   ok
 2500     41.56 (   0.30)     74.08 (   0.17)     28.29 (   0.44)     19.84 (   0.63)   8.30e-07   8.79e-07   8.54e-07   ok
 2600     43.77 (   0.31)     76.87 (   0.18)     29.15 (   0.46)     21.07 (   0.64)   7.98e-07   7.51e-07   7.98e-07   ok
 2700     45.02 (   0.32)     76.76 (   0.19)     30.27 (   0.48)     21.17 (   0.69)   9.27e-07   8.59e-07   8.36e-07   ok
 2800     47.85 (   0.33)     80.43 (   0.20)     31.63 (   0.50)     20.56 (   0.76)   9.81e-07   9.81e-07   9.81e-07   ok
 2900     49.04 (   0.34)     83.32 (   0.20)     32.85 (   0.51)     21.32 (   0.79)   1.05e-06   1.09e-06   1.09e-06   ok
 3000     50.18 (   0.36)     83.82 (   0.21)     33.72 (   0.53)     21.80 (   0.83)   1.10e-06   9.77e-07   9.77e-07   ok
 3100     52.09 (   0.37)     87.37 (   0.22)     34.64 (   0.56)     22.30 (   0.86)   1.10e-06   1.14e-06   1.18e-06   ok
 3200     53.77 (   0.38)     85.33 (   0.24)     35.39 (   0.58)     22.15 (   0.93)   1.07e-06   1.14e-06   1.07e-06   ok
 3300     55.45 (   0.39)     92.30 (   0.24)     36.42 (   0.60)     20.52 (   1.06)   1.18e-06   1.26e-06   1.18e-06   ok
 3400     56.30 (   0.41)     93.27 (   0.25)     38.04 (   0.61)     22.09 (   1.05)   1.11e-06   1.18e-06   1.08e-06   ok
 3500     58.34 (   0.42)     96.43 (   0.25)     38.72 (   0.63)     21.86 (   1.12)   1.15e-06   1.08e-06   1.12e-06   ok
 3600     59.72 (   0.43)     98.95 (   0.26)     39.83 (   0.65)     24.44 (   1.06)   1.19e-06   1.19e-06   1.29e-06   ok
 3700     61.69 (   0.44)    101.03 (   0.27)     40.86 (   0.67)     22.10 (   1.24)   1.19e-06   1.19e-06   1.12e-06   ok
 3800     62.52 (   0.46)    102.77 (   0.28)     41.68 (   0.69)     23.89 (   1.21)   1.41e-06   1.41e-06   1.38e-06   ok
 3900     65.45 (   0.46)     99.78 (   0.30)     43.10 (   0.71)     23.37 (   1.30)   1.22e-06   1.19e-06   1.25e-06   ok
 4000     65.33 (   0.49)     99.08 (   0.32)     43.38 (   0.74)     24.34 (   1.32)   1.53e-06   1.28e-06   1.40e-06   ok
 4100     65.57 (   0.51)     93.41 (   0.36)     34.00 (   0.99)     23.48 (   1.43)   1.40e-06   1.37e-06   1.34e-06   ok
 4200     68.40 (   0.52)    101.66 (   0.35)     33.23 (   1.06)     21.90 (   1.61)   1.31e-06   1.34e-06   1.34e-06   ok
 4300     69.54 (   0.53)    105.04 (   0.35)     33.84 (   1.09)     22.07 (   1.68)   1.42e-06   1.50e-06   1.48e-06   ok
 4400     71.88 (   0.54)    105.00 (   0.37)     34.86 (   1.11)     22.27 (   1.74)   1.28e-06   1.28e-06   1.28e-06   ok
 4500     72.09 (   0.56)    107.74 (   0.38)     35.56 (   1.14)     22.64 (   1.79)   1.36e-06   1.36e-06   1.41e-06   ok
 4600     74.38 (   0.57)    105.30 (   0.40)     36.33 (   1.17)     22.34 (   1.89)   1.17e-06   1.25e-06   1.22e-06   ok
 4700     74.50 (   0.59)    109.09 (   0.41)     36.83 (   1.20)     22.40 (   1.97)   1.45e-06   1.43e-06   1.45e-06   ok
 4800     77.05 (   0.60)    106.92 (   0.43)     37.65 (   1.22)     22.08 (   2.09)   1.55e-06   1.60e-06   1.55e-06   ok
 4900     77.96 (   0.62)    111.73 (   0.43)     38.15 (   1.26)     23.02 (   2.09)   1.42e-06   1.49e-06   1.42e-06   ok
 5000     79.27 (   0.63)    112.11 (   0.45)     38.41 (   1.30)     22.06 (   2.27)   1.37e-06   1.42e-06   1.46e-06   ok
 5100     79.18 (   0.66)    113.37 (   0.46)     38.17 (   1.36)     22.63 (   2.30)   1.39e-06   1.39e-06   1.39e-06   ok
 5200     80.88 (   0.67)    111.48 (   0.49)     40.67 (   1.33)     21.41 (   2.53)   1.39e-06   1.39e-06   1.36e-06   ok
 5300     81.30 (   0.69)    115.36 (   0.49)     41.43 (   1.36)     21.99 (   2.56)   1.57e-06   1.36e-06   1.38e-06   ok
 5400     83.33 (   0.70)    116.23 (   0.50)     42.09 (   1.39)     21.64 (   2.70)   1.51e-06   1.51e-06   1.56e-06   ok
 5500     84.40 (   0.72)    115.73 (   0.52)     42.79 (   1.41)     21.69 (   2.79)   1.27e-06   1.31e-06   1.31e-06   ok
 5600     86.15 (   0.73)    118.36 (   0.53)     43.20 (   1.45)     21.34 (   2.94)   1.48e-06   1.48e-06   1.44e-06   ok
 5700     86.43 (   0.75)    119.51 (   0.54)     43.85 (   1.48)     21.75 (   2.99)   1.54e-06   1.41e-06   1.50e-06   ok
 5800     88.09 (   0.76)    119.75 (   0.56)     44.62 (   1.51)     21.06 (   3.19)   1.56e-06   1.56e-06   1.52e-06   ok
 5900     89.15 (   0.78)    116.82 (   0.60)     45.42 (   1.53)     22.51 (   3.09)   1.45e-06   1.49e-06   1.53e-06   ok
 6000     89.02 (   0.81)    119.38 (   0.60)     46.28 (   1.56)     21.43 (   3.36)   1.79e-06   1.83e-06   1.83e-06   failed
 6100     89.76 (   0.83)    118.70 (   0.63)     46.60 (   1.60)     21.27 (   3.50)   1.60e-06   1.56e-06   1.60e-06   ok
 6200     93.43 (   0.82)    119.94 (   0.64)     37.02 (   2.08)     20.93 (   3.67)   1.73e-06   1.69e-06   1.65e-06   ok
 6300     93.20 (   0.85)    120.83 (   0.66)     38.00 (   2.09)     21.19 (   3.75)   1.78e-06   1.59e-06   1.63e-06   ok
 6400     94.62 (   0.87)    119.78 (   0.68)     38.44 (   2.13)     21.54 (   3.80)   1.87e-06   1.95e-06   1.87e-06   failed
 6500     95.26 (   0.89)    121.10 (   0.70)     39.00 (   2.17)     21.02 (   4.02)   1.73e-06   1.92e-06   1.84e-06   failed
 6600     97.90 (   0.89)    121.86 (   0.72)     39.69 (   2.20)     21.75 (   4.01)   1.89e-06   1.89e-06   1.92e-06   failed
 6700     98.03 (   0.92)    122.84 (   0.73)     40.23 (   2.23)     21.04 (   4.27)   1.71e-06   1.60e-06   1.64e-06   ok
 6800    100.09 (   0.92)    122.34 (   0.76)     40.43 (   2.29)     21.36 (   4.33)   1.72e-06   1.72e-06   1.76e-06   ok
 6900     99.19 (   0.96)    122.87 (   0.78)     41.23 (   2.31)     22.61 (   4.21)   1.56e-06   1.63e-06   1.63e-06   ok
 7000    101.56 (   0.97)    124.73 (   0.79)     41.96 (   2.34)     23.13 (   4.24)   1.74e-06   1.74e-06   1.64e-06   ok
 7100    102.48 (   0.98)    123.56 (   0.82)     42.42 (   2.38)     21.92 (   4.60)   1.82e-06   1.79e-06   1.65e-06   failed
 7200    103.28 (   1.00)    126.14 (   0.82)     42.93 (   2.42)     22.73 (   4.56)   1.86e-06   1.86e-06   1.83e-06   failed
 7300    104.19 (   1.02)    126.62 (   0.84)     43.29 (   2.46)     21.86 (   4.88)   1.74e-06   1.81e-06   1.91e-06   failed
 7400    104.63 (   1.05)    127.83 (   0.86)     44.01 (   2.49)     22.55 (   4.86)   1.78e-06   1.81e-06   1.85e-06   failed
 7500    106.24 (   1.06)    127.41 (   0.88)     44.69 (   2.52)     23.24 (   4.84)   1.86e-06   1.92e-06   1.82e-06   failed
 7600    107.78 (   1.07)    127.39 (   0.91)     44.78 (   2.58)     23.04 (   5.02)   1.61e-06   1.57e-06   1.57e-06   ok
 7700    107.23 (   1.11)    126.99 (   0.93)     45.51 (   2.61)     22.69 (   5.23)   2.03e-06   1.97e-06   2.03e-06   failed
 7800    108.46 (   1.12)    125.72 (   0.97)     46.13 (   2.64)     22.90 (   5.32)   1.82e-06   1.82e-06   1.88e-06   failed
 7900    106.97 (   1.17)    128.30 (   0.97)     46.65 (   2.68)     22.91 (   5.45)   1.82e-06   1.92e-06   1.82e-06   failed
 8000    106.58 (   1.20)    125.04 (   1.02)     46.22 (   2.77)     23.06 (   5.55)   1.95e-06   1.92e-06   1.95e-06   failed
 8100    106.53 (   1.23)    132.57 (   0.99)     47.19 (   2.78)     22.52 (   5.83)   1.87e-06   1.90e-06   1.96e-06   failed
 8200    105.98 (   1.27)    128.94 (   1.04)     40.76 (   3.30)     22.43 (   6.00)   1.79e-06   1.79e-06   1.73e-06   ok
 8300    107.49 (   1.28)    130.00 (   1.06)     40.47 (   3.41)     23.14 (   5.95)   2.35e-06   2.32e-06   2.24e-06   failed
 8400    104.70 (   1.35)    131.05 (   1.08)     40.81 (   3.46)     22.56 (   6.26)   1.83e-06   1.80e-06   1.80e-06   failed
 8500    105.64 (   1.37)    131.03 (   1.10)     41.20 (   3.51)     22.65 (   6.38)   2.01e-06   2.13e-06   2.07e-06   failed
 8600    104.99 (   1.41)    130.22 (   1.14)     41.66 (   3.55)     22.99 (   6.43)   1.73e-06   1.70e-06   1.76e-06   ok
 8700    104.49 (   1.45)    132.24 (   1.14)     41.80 (   3.62)     22.11 (   6.85)   1.96e-06   1.99e-06   1.91e-06   failed
 8800    103.32 (   1.50)    130.72 (   1.18)     42.31 (   3.66)     22.25 (   6.96)   1.97e-06   1.91e-06   1.97e-06   failed
 8900    102.62 (   1.54)    131.49 (   1.20)     42.77 (   3.70)     21.90 (   7.24)   1.92e-06   1.89e-06   1.89e-06   failed
 9000    104.05 (   1.56)    131.82 (   1.23)     42.99 (   3.77)     22.87 (   7.09)   2.12e-06   1.95e-06   1.95e-06   failed
10000    102.79 (   1.95)    134.06 (   1.49)     47.61 (   4.20)     23.07 (   8.67)   2.32e-06   2.34e-06   2.37e-06   failed
12000    103.79 (   2.77)    139.35 (   2.07)     46.40 (   6.21)     22.99 (  12.53)   2.20e-06   2.36e-06   2.20e-06   failed
14000    109.63 (   3.58)    141.79 (   2.76)     47.11 (   8.32)     23.63 (  16.59)   2.69e-06   2.86e-06   2.93e-06   failed
16000    111.07 (   4.61)    139.10 (   3.68)     47.04 (  10.89)     23.11 (  22.15)   2.72e-06   2.69e-06   2.66e-06   failed
18000    108.86 (   5.95)    144.45 (   4.49)     46.56 (  13.92)     25.10 (  25.81)   2.63e-06   2.77e-06   2.66e-06   failed
20000    110.47 (   7.24)    147.04 (   5.44)     47.46 (  16.86)     24.23 (  33.02)   2.93e-06   2.95e-06   3.03e-06   failed
Sat Sep 12 10:54:33 EDT 2015
