
Sat Sep 12 11:02:52 EDT 2015
numactl --interleave=all ../testing/testing_zhemv -L -N 123 -N 1234 --range 10:90:1 --range 100:900:10 --range 1000:9000:100 --range 10000:20000:2000 --lapack
% MAGMA 1.7.0  compiled for CUDA capability >= 3.5, 32-bit magma_int_t, 64-bit pointer.
% CUDA runtime 7000, driver 7000. OpenMP threads 16. MKL 11.2.2, MKL threads 16. 
% device 0: Tesla K40c, 745.0 MHz clock, 11519.6 MB memory, capability 3.5
% device 1: Tesla K40c, 745.0 MHz clock, 11519.6 MB memory, capability 3.5
% device 2: Tesla K40c, 745.0 MHz clock, 11519.6 MB memory, capability 3.5
% Sat Sep 12 11:02:58 2015
% Usage: ../testing/testing_zhemv [options] [-h|--help]

% uplo = Lower
%   N   MAGMA Gflop/s (ms)    Atomics Gflop/s      CUBLAS Gflop/s       CPU Gflop/s   MAGMA error  Atomics    CUBLAS
%=====================================================================================================================
  123      1.80 (   0.07)      2.11 (   0.06)      1.70 (   0.07)      1.78 (   0.07)   1.18e-15   7.03e-16   9.31e-16   ok
 1234     41.63 (   0.29)     51.47 (   0.24)     30.27 (   0.40)      8.71 (   1.40)   3.00e-15   3.32e-15   3.32e-15   ok
   10      0.02 (   0.04)      0.03 (   0.03)      0.03 (   0.03)      0.32 (   0.00)   7.12e-16   3.55e-16   7.12e-16   ok
   11      0.03 (   0.04)      0.04 (   0.03)      0.04 (   0.03)      0.51 (   0.00)   2.28e-16   2.28e-16   2.42e-16   ok
   12      0.03 (   0.04)      0.05 (   0.03)      0.05 (   0.03)      0.60 (   0.00)   3.99e-16   4.50e-16   3.05e-16   ok
   13      0.04 (   0.04)      0.05 (   0.03)      0.06 (   0.03)      0.79 (   0.00)   3.06e-16   5.47e-16   2.82e-16   ok
   14      0.05 (   0.04)      0.06 (   0.03)      0.07 (   0.03)      0.21 (   0.01)   2.84e-16   3.59e-16   2.84e-16   ok
   15      0.05 (   0.04)      0.07 (   0.03)      0.08 (   0.02)      0.64 (   0.00)   2.65e-16   2.96e-16   2.96e-16   ok
   16      0.06 (   0.04)      0.08 (   0.03)      0.09 (   0.02)      0.72 (   0.00)   2.48e-16   4.46e-16   2.48e-16   ok
   17      0.07 (   0.04)      0.09 (   0.03)      0.09 (   0.03)      1.17 (   0.00)   4.67e-16   7.01e-16   4.31e-16   ok
   18      0.07 (   0.04)      0.10 (   0.03)      0.11 (   0.03)      1.47 (   0.00)   2.21e-16   4.07e-16   4.07e-16   ok
   19      0.08 (   0.04)      0.12 (   0.03)      0.12 (   0.03)      1.01 (   0.00)   3.74e-16   4.18e-16   3.74e-16   ok
   20      0.09 (   0.04)      0.13 (   0.03)      0.13 (   0.03)      1.11 (   0.00)   4.19e-16   4.19e-16   3.97e-16   ok
   21      0.09 (   0.04)      0.14 (   0.03)      0.14 (   0.03)      1.98 (   0.00)   3.49e-16   4.79e-16   4.23e-16   ok
   22      0.11 (   0.04)      0.14 (   0.03)      0.15 (   0.03)      2.17 (   0.00)   5.11e-16   4.84e-16   5.82e-16   ok
   23      0.12 (   0.04)      0.16 (   0.03)      0.17 (   0.03)      1.45 (   0.00)   2.18e-16   3.45e-16   3.45e-16   ok
   24      0.13 (   0.04)      0.18 (   0.03)      0.18 (   0.03)      1.58 (   0.00)   7.55e-16   3.05e-16   3.31e-16   ok
   25      0.14 (   0.04)      0.19 (   0.03)      0.18 (   0.03)      1.85 (   0.00)   3.18e-16   3.55e-16   3.04e-16   ok
   26      0.14 (   0.04)      0.20 (   0.03)      0.21 (   0.03)      1.85 (   0.00)   4.32e-16   3.86e-16   3.42e-16   ok
   27      0.16 (   0.04)      0.22 (   0.03)      0.22 (   0.03)      1.52 (   0.00)   5.62e-16   3.29e-16   3.96e-16   ok
   28      0.17 (   0.04)      0.23 (   0.03)      0.23 (   0.03)      1.73 (   0.00)   3.86e-16   4.57e-16   4.57e-16   ok
   29      0.18 (   0.04)      0.24 (   0.03)      0.25 (   0.03)      1.75 (   0.00)   3.87e-16   4.90e-16   3.87e-16   ok
   30      0.19 (   0.04)      0.25 (   0.03)      0.27 (   0.03)      1.87 (   0.00)   5.30e-16   4.27e-16   4.74e-16   ok
   31      0.20 (   0.04)      0.29 (   0.03)      0.28 (   0.03)      1.61 (   0.01)   5.13e-16   4.73e-16   2.72e-16   ok
   32      0.21 (   0.04)      0.30 (   0.03)      0.30 (   0.03)      2.12 (   0.00)   2.48e-16   4.58e-16   4.00e-16   ok
   33      0.23 (   0.04)      0.23 (   0.04)      0.31 (   0.03)      2.25 (   0.00)   4.44e-16   4.44e-16   4.44e-16   ok
   34      0.25 (   0.04)      0.25 (   0.04)      0.33 (   0.03)      2.38 (   0.00)   8.93e-16   4.67e-16   8.62e-16   ok
   35      0.27 (   0.04)      0.27 (   0.04)      0.35 (   0.03)      2.04 (   0.01)   4.09e-16   4.54e-16   6.11e-16   ok
   36      0.26 (   0.04)      0.28 (   0.04)      0.36 (   0.03)      2.83 (   0.00)   4.41e-16   4.93e-16   5.94e-16   ok
   37      0.29 (   0.04)      0.31 (   0.04)      0.38 (   0.03)      2.28 (   0.01)   6.07e-16   4.29e-16   3.96e-16   ok
   38      0.29 (   0.04)      0.32 (   0.04)      0.40 (   0.03)      3.15 (   0.00)   3.85e-16   5.91e-16   4.18e-16   ok
   39      0.33 (   0.04)      0.33 (   0.04)      0.41 (   0.03)      2.52 (   0.01)   5.76e-16   3.67e-16   3.76e-16   ok
   40      0.32 (   0.04)      0.36 (   0.04)      0.44 (   0.03)      2.65 (   0.01)   5.02e-16   4.78e-16   4.78e-16   ok
   41      0.33 (   0.04)      0.37 (   0.04)      0.46 (   0.03)      2.25 (   0.01)   5.48e-16   5.27e-16   5.48e-16   ok
   42      0.35 (   0.04)      0.38 (   0.04)      0.49 (   0.03)      2.45 (   0.01)   5.67e-16   6.10e-16   5.67e-16   ok
   43      0.38 (   0.04)      0.40 (   0.04)      0.49 (   0.03)      2.57 (   0.01)   4.13e-16   5.54e-16   4.67e-16   ok
   44      0.40 (   0.04)      0.37 (   0.04)      0.53 (   0.03)      2.69 (   0.01)   6.66e-16   4.84e-16   5.11e-16   ok
   45      0.43 (   0.04)      0.43 (   0.04)      0.56 (   0.03)      2.42 (   0.01)   4.47e-16   4.99e-16   6.75e-16   ok
   46      0.45 (   0.04)      0.47 (   0.04)      0.61 (   0.03)      2.93 (   0.01)   6.19e-16   6.18e-16   4.65e-16   ok
   47      0.47 (   0.04)      0.48 (   0.04)      0.61 (   0.03)      3.64 (   0.01)   6.76e-16   7.56e-16   5.07e-16   ok
   48      0.50 (   0.04)      0.50 (   0.04)      0.63 (   0.03)      3.80 (   0.01)   4.68e-16   5.92e-16   4.68e-16   ok
   49      0.51 (   0.04)      0.52 (   0.04)      0.64 (   0.03)      3.95 (   0.01)   4.59e-16   4.37e-16   3.63e-16   ok
   50      0.53 (   0.04)      0.54 (   0.04)      0.64 (   0.03)      3.32 (   0.01)   4.02e-16   4.32e-16   4.49e-16   ok
   51      0.55 (   0.04)      0.57 (   0.04)      0.72 (   0.03)      3.10 (   0.01)   6.23e-16   6.86e-16   6.86e-16   ok
   52      0.59 (   0.04)      0.56 (   0.04)      0.75 (   0.03)      3.22 (   0.01)   5.84e-16   4.44e-16   4.37e-16   ok
   53      0.59 (   0.04)      0.58 (   0.04)      0.77 (   0.03)      3.23 (   0.01)   5.40e-16   5.73e-16   4.50e-16   ok
   54      0.60 (   0.04)      0.62 (   0.04)      0.77 (   0.03)      4.02 (   0.01)   6.71e-16   5.43e-16   5.30e-16   ok
   55      0.62 (   0.04)      0.64 (   0.04)      0.83 (   0.03)      3.16 (   0.01)   4.66e-16   4.66e-16   4.66e-16   ok
   56      0.61 (   0.04)      0.64 (   0.04)      0.80 (   0.03)      3.27 (   0.01)   5.11e-16   4.01e-16   3.92e-16   ok
   57      0.62 (   0.04)      0.67 (   0.04)      0.80 (   0.03)      4.48 (   0.01)   3.94e-16   3.94e-16   3.79e-16   ok
   58      0.66 (   0.04)      0.67 (   0.04)      0.86 (   0.03)      4.63 (   0.01)   3.68e-16   4.42e-16   3.87e-16   ok
   59      0.71 (   0.04)      0.71 (   0.04)      0.87 (   0.03)      4.13 (   0.01)   4.34e-16   4.85e-16   5.55e-16   ok
   60      0.69 (   0.04)      0.74 (   0.04)      0.92 (   0.03)      3.35 (   0.01)   4.27e-16   4.27e-16   5.30e-16   ok
   61      0.74 (   0.04)      0.73 (   0.04)      0.95 (   0.03)      3.37 (   0.01)   4.80e-16   4.70e-16   5.21e-16   ok
   62      0.73 (   0.04)      0.75 (   0.04)      1.02 (   0.03)      4.56 (   0.01)   5.73e-16   5.84e-16   5.13e-16   ok
   63      0.68 (   0.05)      0.79 (   0.04)      1.02 (   0.03)      3.59 (   0.01)   6.77e-16   5.04e-16   5.04e-16   ok
   64      0.88 (   0.04)      0.86 (   0.04)      1.04 (   0.03)      4.85 (   0.01)   5.55e-16   6.68e-16   4.74e-16   ok
   65      0.72 (   0.05)      0.81 (   0.04)      0.99 (   0.04)      4.40 (   0.01)   4.51e-16   4.67e-16   4.51e-16   ok
   66      0.75 (   0.05)      0.85 (   0.04)      1.05 (   0.03)      4.40 (   0.01)   6.46e-16   5.80e-16   6.81e-16   ok
   67      0.78 (   0.05)      0.87 (   0.04)      1.05 (   0.04)      4.05 (   0.01)   4.74e-16   5.30e-16   4.74e-16   ok
   68      0.79 (   0.05)      0.90 (   0.04)      1.11 (   0.03)      4.17 (   0.01)   6.27e-16   4.31e-16   4.67e-16   ok
   69      0.83 (   0.05)      0.91 (   0.04)      1.11 (   0.04)      4.30 (   0.01)   6.26e-16   6.37e-16   6.51e-16   ok
   70      0.85 (   0.05)      0.95 (   0.04)      1.17 (   0.03)      4.42 (   0.01)   6.60e-16   6.42e-16   6.42e-16   ok
   71      0.84 (   0.05)      0.96 (   0.04)      1.17 (   0.04)      5.08 (   0.01)   1.00e-15   8.07e-16   7.22e-16   ok
   72      0.90 (   0.05)      1.01 (   0.04)      1.33 (   0.03)      4.23 (   0.01)   8.14e-16   7.89e-16   6.24e-16   ok
   73      0.93 (   0.05)      1.04 (   0.04)      1.24 (   0.04)      4.34 (   0.01)   7.02e-16   5.92e-16   7.02e-16   ok
   74      0.95 (   0.05)      1.07 (   0.04)      1.35 (   0.03)      4.93 (   0.01)   7.74e-16   7.74e-16   6.15e-16   ok
   75      0.97 (   0.05)      1.12 (   0.04)      1.35 (   0.03)      5.83 (   0.01)   1.07e-15   8.04e-16   8.04e-16   ok
   76      0.95 (   0.05)      1.10 (   0.04)      1.43 (   0.03)      4.30 (   0.01)   6.27e-16   7.71e-16   7.71e-16   ok
   77      0.97 (   0.05)      1.15 (   0.04)      1.38 (   0.04)      4.83 (   0.01)   6.65e-16   7.44e-16   5.61e-16   ok
   78      0.99 (   0.05)      1.16 (   0.04)      1.42 (   0.04)      4.43 (   0.01)   6.57e-16   5.54e-16   5.15e-16   ok
   79      1.02 (   0.05)      1.18 (   0.04)      1.50 (   0.03)      4.64 (   0.01)   7.42e-16   9.17e-16   7.68e-16   ok
   80      1.02 (   0.05)      1.18 (   0.04)      1.54 (   0.03)      4.76 (   0.01)   6.40e-16   5.62e-16   5.62e-16   ok
   81      1.05 (   0.05)      1.21 (   0.04)      1.48 (   0.04)      5.34 (   0.01)   7.49e-16   7.23e-16   7.23e-16   ok
   82      1.12 (   0.05)      1.24 (   0.04)      1.52 (   0.04)      4.99 (   0.01)   5.48e-16   6.99e-16   5.48e-16   ok
   83      1.10 (   0.05)      1.25 (   0.04)      1.56 (   0.04)      5.74 (   0.01)   7.26e-16   7.66e-16   7.26e-16   ok
   84      1.13 (   0.05)      1.28 (   0.05)      1.60 (   0.04)      5.13 (   0.01)   6.16e-16   7.18e-16   5.35e-16   ok
   85      1.15 (   0.05)      1.31 (   0.05)      1.63 (   0.04)      4.93 (   0.01)   6.89e-16   8.52e-16   6.89e-16   ok
   86      1.26 (   0.05)      1.40 (   0.04)      1.73 (   0.03)      6.01 (   0.01)   5.23e-16   5.23e-16   5.96e-16   ok
   87      1.29 (   0.05)      1.40 (   0.04)      1.71 (   0.04)      5.50 (   0.01)   6.53e-16   6.85e-16   5.48e-16   ok
   88      1.28 (   0.05)      1.43 (   0.04)      1.85 (   0.03)      5.75 (   0.01)   5.11e-16   6.66e-16   5.82e-16   ok
   89      1.32 (   0.05)      1.49 (   0.04)      1.84 (   0.04)      5.41 (   0.01)   7.14e-16   5.05e-16   5.05e-16   ok
   90      1.34 (   0.05)      1.46 (   0.05)      1.83 (   0.04)      5.42 (   0.01)   7.93e-16   8.14e-16   8.24e-16   ok
  100      1.59 (   0.05)      1.73 (   0.05)      2.14 (   0.04)      6.68 (   0.01)   6.55e-16   5.17e-16   6.03e-16   ok
  110      1.89 (   0.05)      2.05 (   0.05)      2.51 (   0.04)      6.98 (   0.01)   5.33e-16   5.78e-16   6.59e-16   ok
  120      2.16 (   0.05)      2.37 (   0.05)      2.91 (   0.04)      6.89 (   0.02)   7.32e-16   7.11e-16   5.59e-16   ok
  130      2.32 (   0.06)      2.73 (   0.05)      3.19 (   0.04)      6.83 (   0.02)   9.78e-16   8.54e-16   8.90e-16   ok
  140      2.69 (   0.06)      3.11 (   0.05)      3.69 (   0.04)      7.55 (   0.02)   6.42e-16   8.67e-16   8.37e-16   ok
  150      3.07 (   0.06)      3.43 (   0.05)      4.12 (   0.04)      7.55 (   0.02)   8.09e-16   9.52e-16   8.94e-16   ok
  160      3.44 (   0.06)      4.15 (   0.05)      4.69 (   0.04)      8.58 (   0.02)   8.88e-16   9.06e-16   9.57e-16   ok
  170      3.82 (   0.06)      4.33 (   0.05)      5.18 (   0.05)      8.98 (   0.03)   1.02e-15   1.17e-15   9.00e-16   ok
  180      4.22 (   0.06)      4.66 (   0.06)      5.56 (   0.05)      8.70 (   0.03)   9.68e-16   9.99e-16   1.03e-15   ok
  190      4.47 (   0.07)      5.02 (   0.06)      6.07 (   0.05)      9.11 (   0.03)   1.08e-15   1.09e-15   1.09e-15   ok
  200      4.74 (   0.07)      5.47 (   0.06)      6.44 (   0.05)      8.30 (   0.04)   1.14e-15   9.95e-16   9.10e-16   ok
  210      5.00 (   0.07)      5.82 (   0.06)      6.81 (   0.05)      9.37 (   0.04)   1.12e-15   1.21e-15   1.03e-15   ok
  220      5.49 (   0.07)      6.39 (   0.06)      7.64 (   0.05)      8.65 (   0.05)   1.05e-15   1.04e-15   9.32e-16   ok
  230      6.10 (   0.07)      6.77 (   0.06)      8.05 (   0.05)      9.07 (   0.05)   1.38e-15   1.17e-15   1.41e-15   ok
  240      6.53 (   0.07)      7.37 (   0.06)      8.57 (   0.05)      9.09 (   0.05)   1.19e-15   1.09e-15   1.21e-15   ok
  250      6.72 (   0.07)      7.73 (   0.07)      8.83 (   0.06)      9.46 (   0.05)   1.16e-15   1.27e-15   1.04e-15   ok
  260      7.15 (   0.08)      8.24 (   0.07)      9.39 (   0.06)      9.20 (   0.06)   1.35e-15   1.11e-15   1.11e-15   ok
  270      7.32 (   0.08)      8.60 (   0.07)      9.92 (   0.06)      9.96 (   0.06)   1.28e-15   1.26e-15   1.10e-15   ok
  280      7.69 (   0.08)      9.15 (   0.07)     10.37 (   0.06)      9.55 (   0.07)   1.06e-15   1.09e-15   1.28e-15   ok
  290      8.34 (   0.08)      9.27 (   0.07)     10.74 (   0.06)      9.68 (   0.07)   1.38e-15   1.96e-15   1.58e-15   ok
  300      8.82 (   0.08)     10.05 (   0.07)     11.50 (   0.06)      9.76 (   0.07)   1.36e-15   1.20e-15   1.41e-15   ok
  310      9.10 (   0.08)     10.16 (   0.08)     11.70 (   0.07)      9.21 (   0.08)   1.44e-15   1.48e-15   1.31e-15   ok
  320     10.30 (   0.08)     11.10 (   0.07)     12.28 (   0.07)     10.15 (   0.08)   2.05e-15   2.08e-15   2.08e-15   ok
  330      9.92 (   0.09)     11.54 (   0.08)     12.70 (   0.07)      9.95 (   0.09)   1.72e-15   1.57e-15   1.39e-15   ok
  340     10.45 (   0.09)     11.91 (   0.08)     12.90 (   0.07)      9.39 (   0.10)   1.35e-15   1.53e-15   1.38e-15   ok
  350     11.07 (   0.09)     12.29 (   0.08)     13.67 (   0.07)      9.92 (   0.10)   1.31e-15   1.34e-15   1.31e-15   ok
  360     11.43 (   0.09)     12.69 (   0.08)     13.52 (   0.08)      9.73 (   0.11)   1.41e-15   1.61e-15   1.47e-15   ok
  370     11.44 (   0.10)     13.25 (   0.08)     14.50 (   0.08)     10.09 (   0.11)   1.54e-15   1.24e-15   1.40e-15   ok
  380     11.84 (   0.10)     13.63 (   0.09)     15.06 (   0.08)      9.99 (   0.12)   1.67e-15   1.67e-15   1.67e-15   ok
  390     12.00 (   0.10)     14.04 (   0.09)     15.62 (   0.08)     10.19 (   0.12)   1.46e-15   1.89e-15   1.46e-15   ok
  400     12.47 (   0.10)     14.76 (   0.09)     16.48 (   0.08)     10.28 (   0.12)   1.48e-15   1.73e-15   1.56e-15   ok
  410     13.10 (   0.10)     14.86 (   0.09)     16.65 (   0.08)     10.22 (   0.13)   1.58e-15   1.55e-15   1.80e-15   ok
  420     13.23 (   0.11)     15.39 (   0.09)     17.27 (   0.08)      9.83 (   0.14)   1.33e-15   1.33e-15   1.28e-15   ok
  430     13.39 (   0.11)     15.80 (   0.09)     17.69 (   0.08)     10.24 (   0.14)   1.76e-15   1.72e-15   1.67e-15   ok
  440     13.75 (   0.11)     16.02 (   0.10)     18.26 (   0.09)      9.97 (   0.16)   1.43e-15   1.43e-15   1.42e-15   ok
  450     14.14 (   0.11)     16.59 (   0.10)     18.94 (   0.09)     10.28 (   0.16)   1.48e-15   1.69e-15   1.66e-15   ok
  460     14.75 (   0.12)     17.55 (   0.10)     19.30 (   0.09)     10.16 (   0.17)   1.98e-15   1.86e-15   1.87e-15   ok
  470     14.90 (   0.12)     17.37 (   0.10)     19.88 (   0.09)     10.31 (   0.17)   1.93e-15   1.53e-15   1.47e-15   ok
  480     15.54 (   0.12)     18.69 (   0.10)     20.79 (   0.09)     10.38 (   0.18)   1.88e-15   1.70e-15   1.62e-15   ok
  490     15.66 (   0.12)     18.32 (   0.11)     20.10 (   0.10)     10.41 (   0.19)   1.77e-15   1.72e-15   1.94e-15   ok
  500     15.79 (   0.13)     18.74 (   0.11)     20.93 (   0.10)     10.50 (   0.19)   2.06e-15   1.82e-15   1.59e-15   ok
  510     16.70 (   0.12)     19.15 (   0.11)     21.51 (   0.10)     10.33 (   0.20)   1.56e-15   1.62e-15   1.41e-15   ok
  520     16.54 (   0.13)     19.57 (   0.11)     21.87 (   0.10)     10.04 (   0.22)   1.99e-15   1.77e-15   1.82e-15   ok
  530     16.94 (   0.13)     20.11 (   0.11)     22.35 (   0.10)     10.49 (   0.21)   2.27e-15   2.27e-15   2.45e-15   ok
  540     17.18 (   0.14)     20.70 (   0.11)     22.92 (   0.10)     10.48 (   0.22)   1.84e-15   1.80e-15   1.76e-15   ok
  550     17.86 (   0.14)     20.90 (   0.12)     23.56 (   0.10)     10.46 (   0.23)   1.89e-15   1.91e-15   1.89e-15   ok
  560     18.22 (   0.14)     22.07 (   0.11)     24.20 (   0.10)     10.30 (   0.24)   1.65e-15   1.64e-15   1.63e-15   ok
  570     18.10 (   0.14)     22.44 (   0.12)     24.79 (   0.11)     10.55 (   0.25)   2.06e-15   2.11e-15   2.06e-15   ok
  580     18.74 (   0.14)     22.86 (   0.12)     25.26 (   0.11)     10.42 (   0.26)   2.48e-15   2.48e-15   2.26e-15   ok
  590     18.86 (   0.15)     23.05 (   0.12)     25.62 (   0.11)     10.54 (   0.26)   1.94e-15   2.34e-15   2.32e-15   ok
  600     19.50 (   0.15)     23.70 (   0.12)     26.04 (   0.11)     10.69 (   0.27)   1.95e-15   1.95e-15   2.16e-15   ok
  610     19.90 (   0.15)     24.07 (   0.12)     26.46 (   0.11)     10.40 (   0.29)   2.15e-15   1.59e-15   1.72e-15   ok
  620     20.05 (   0.15)     24.44 (   0.13)     25.86 (   0.12)     10.62 (   0.29)   2.22e-15   2.12e-15   2.21e-15   ok
  630     20.96 (   0.15)     24.91 (   0.13)     27.64 (   0.12)     10.57 (   0.30)   1.99e-15   1.99e-15   1.99e-15   ok
  640     21.90 (   0.15)     26.09 (   0.13)     28.58 (   0.11)     10.60 (   0.31)   1.80e-15   1.88e-15   1.99e-15   ok
  650     21.05 (   0.16)     26.07 (   0.13)     28.71 (   0.12)     10.53 (   0.32)   1.99e-15   1.93e-15   1.80e-15   ok
  660     21.80 (   0.16)     26.44 (   0.13)     29.12 (   0.12)     10.75 (   0.32)   2.21e-15   1.83e-15   1.83e-15   ok
  670     21.94 (   0.16)     26.86 (   0.13)     29.95 (   0.12)     10.59 (   0.34)   2.43e-15   2.21e-15   2.10e-15   ok
  680     22.34 (   0.17)     27.04 (   0.14)     30.14 (   0.12)     10.75 (   0.34)   2.01e-15   2.02e-15   1.84e-15   ok
  690     23.00 (   0.17)     27.84 (   0.14)     30.79 (   0.12)     10.55 (   0.36)   2.38e-15   2.38e-15   2.22e-15   ok
  700     22.95 (   0.17)     28.26 (   0.14)     31.44 (   0.12)     10.71 (   0.37)   2.36e-15   2.44e-15   2.28e-15   ok
  710     23.22 (   0.17)     28.49 (   0.14)     31.80 (   0.13)     10.50 (   0.39)   1.96e-15   2.41e-15   2.12e-15   ok
  720     24.18 (   0.17)     29.69 (   0.14)     32.70 (   0.13)     10.60 (   0.39)   2.08e-15   2.38e-15   2.44e-15   ok
  730     24.58 (   0.17)     29.86 (   0.14)     31.88 (   0.13)     10.76 (   0.40)   2.34e-15   2.32e-15   2.19e-15   ok
  740     24.95 (   0.18)     30.28 (   0.14)     32.76 (   0.13)     10.76 (   0.41)   2.35e-15   2.62e-15   2.48e-15   ok
  750     25.05 (   0.18)     30.65 (   0.15)     33.12 (   0.14)     10.68 (   0.42)   2.29e-15   2.06e-15   2.02e-15   ok
  760     25.89 (   0.18)     31.52 (   0.15)     33.60 (   0.14)     10.67 (   0.43)   2.72e-15   2.85e-15   2.69e-15   ok
  770     26.23 (   0.18)     31.29 (   0.15)     33.73 (   0.14)     10.54 (   0.45)   2.25e-15   2.58e-15   1.92e-15   ok
  780     25.54 (   0.19)     32.31 (   0.15)     34.38 (   0.14)     10.79 (   0.45)   2.17e-15   2.15e-15   2.10e-15   ok
  790     27.21 (   0.18)     32.73 (   0.15)     35.03 (   0.14)     10.55 (   0.47)   2.55e-15   2.65e-15   2.51e-15   ok
  800     27.44 (   0.19)     32.90 (   0.16)     35.39 (   0.14)     10.68 (   0.48)   2.42e-15   2.03e-15   2.11e-15   ok
  810     27.54 (   0.19)     33.93 (   0.15)     35.75 (   0.15)     10.75 (   0.49)   2.39e-15   2.26e-15   2.27e-15   ok
  820     28.22 (   0.19)     34.09 (   0.16)     36.17 (   0.15)     10.75 (   0.50)   2.92e-15   2.91e-15   2.77e-15   ok
  830     28.59 (   0.19)     34.72 (   0.16)     37.35 (   0.15)     10.72 (   0.51)   1.94e-15   2.20e-15   2.20e-15   ok
  840     28.58 (   0.20)     35.14 (   0.16)     37.47 (   0.15)     10.84 (   0.52)   2.50e-15   2.34e-15   2.40e-15   ok
  850     29.40 (   0.20)     35.98 (   0.16)     37.83 (   0.15)     10.70 (   0.54)   2.43e-15   2.21e-15   2.04e-15   ok
  860     29.77 (   0.20)     36.61 (   0.16)     38.25 (   0.15)     10.72 (   0.55)   2.66e-15   2.60e-15   2.60e-15   ok
  870     29.72 (   0.20)     36.09 (   0.17)     38.84 (   0.16)     10.70 (   0.57)   2.61e-15   2.62e-15   2.36e-15   ok
  880     30.55 (   0.20)     36.92 (   0.17)     39.26 (   0.16)     10.72 (   0.58)   2.15e-15   2.25e-15   2.10e-15   ok
  890     30.53 (   0.21)     37.60 (   0.17)     39.44 (   0.16)     10.65 (   0.60)   2.23e-15   2.30e-15   2.39e-15   ok
  900     30.62 (   0.21)     37.09 (   0.17)     39.57 (   0.16)     10.73 (   0.60)   2.49e-15   2.58e-15   2.54e-15   ok
 1000     33.94 (   0.24)     41.49 (   0.19)     42.81 (   0.19)     10.16 (   0.79)   2.91e-15   2.52e-15   2.56e-15   ok
 1100     37.44 (   0.26)     45.53 (   0.21)     27.85 (   0.35)      9.57 (   1.01)   3.65e-15   2.94e-15   2.90e-15   failed
 1200     40.48 (   0.28)     49.93 (   0.23)     30.18 (   0.38)      8.96 (   1.29)   3.29e-15   3.26e-15   3.42e-15   failed
 1300     44.08 (   0.31)     53.91 (   0.25)     31.11 (   0.44)      8.55 (   1.58)   2.97e-15   2.80e-15   2.83e-15   ok
 1400     47.85 (   0.33)     59.91 (   0.26)     33.75 (   0.47)      8.43 (   1.86)   3.26e-15   3.47e-15   3.08e-15   failed
 1500     50.89 (   0.35)     63.24 (   0.28)     36.63 (   0.49)      8.34 (   2.16)   2.93e-15   3.07e-15   2.96e-15   ok
 1600     54.97 (   0.37)     68.78 (   0.30)     38.18 (   0.54)      8.34 (   2.46)   3.13e-15   3.02e-15   3.13e-15   ok
 1700     58.15 (   0.40)     73.70 (   0.31)     40.75 (   0.57)      8.46 (   2.73)   3.36e-15   3.41e-15   3.22e-15   failed
 1800     61.93 (   0.42)     74.78 (   0.35)     42.04 (   0.62)      7.97 (   3.26)   4.38e-15   4.54e-15   4.69e-15   failed
 1900     64.79 (   0.45)     77.07 (   0.38)     43.80 (   0.66)      8.46 (   3.42)   3.59e-15   3.83e-15   3.83e-15   failed
 2000     63.78 (   0.50)     77.73 (   0.41)     45.61 (   0.70)      8.25 (   3.88)   3.65e-15   3.67e-15   3.70e-15   failed
 2100     65.12 (   0.54)     78.31 (   0.45)     35.17 (   1.00)      8.42 (   4.19)   6.07e-15   5.02e-15   6.11e-15   failed
 2200     66.12 (   0.59)     79.08 (   0.49)     36.87 (   1.05)      8.50 (   4.56)   3.96e-15   3.89e-15   3.66e-15   failed
 2300     67.64 (   0.63)     79.33 (   0.53)     38.40 (   1.10)      7.98 (   5.31)   4.81e-15   4.26e-15   4.18e-15   failed
 2400     69.44 (   0.66)     79.52 (   0.58)     40.37 (   1.14)      8.37 (   5.51)   4.94e-15   6.12e-15   5.51e-15   failed
 2500     70.65 (   0.71)     78.92 (   0.63)     41.15 (   1.22)      8.45 (   5.92)   4.82e-15   4.92e-15   4.91e-15   failed
 2600     71.10 (   0.76)     79.94 (   0.68)     41.06 (   1.32)      8.43 (   6.42)   4.04e-15   4.36e-15   3.99e-15   failed
 2700     73.30 (   0.80)     78.75 (   0.74)     41.38 (   1.41)      8.46 (   6.90)   5.41e-15   4.79e-15   5.22e-15   failed
 2800     74.27 (   0.84)     81.09 (   0.77)     40.04 (   1.57)      8.45 (   7.43)   5.05e-15   5.05e-15   5.07e-15   failed
 2900     74.79 (   0.90)     81.60 (   0.82)     45.48 (   1.48)      8.55 (   7.87)   5.33e-15   5.35e-15   6.01e-15   failed
 3000     75.74 (   0.95)     82.71 (   0.87)     45.77 (   1.57)      8.57 (   8.41)   4.80e-15   4.72e-15   4.70e-15   failed
 3100     77.07 (   1.00)     83.88 (   0.92)     38.46 (   2.00)      8.44 (   9.12)   5.19e-15   5.50e-15   5.79e-15   failed
 3200     79.04 (   1.04)     84.32 (   0.97)     40.68 (   2.01)      9.28 (   8.83)   5.40e-15   5.92e-15   5.50e-15   failed
 3300     80.47 (   1.08)     86.12 (   1.01)     41.08 (   2.12)      8.57 (  10.17)   4.76e-15   5.11e-15   5.94e-15   failed
 3400     82.30 (   1.12)     86.62 (   1.07)     42.24 (   2.19)      8.56 (  10.81)   4.99e-15   4.91e-15   5.38e-15   failed
 3500     83.29 (   1.18)     87.62 (   1.12)     43.15 (   2.27)      8.51 (  11.53)   5.52e-15   5.19e-15   5.40e-15   failed
 3600     86.08 (   1.20)     88.05 (   1.18)     44.19 (   2.35)      8.32 (  12.47)   5.32e-15   4.66e-15   4.72e-15   failed
 3700     87.23 (   1.26)     87.52 (   1.25)     44.50 (   2.46)      8.49 (  12.90)   5.90e-15   5.96e-15   5.76e-15   failed
 3800     88.36 (   1.31)     88.82 (   1.30)     45.25 (   2.55)      8.54 (  13.53)   6.32e-15   6.32e-15   5.98e-15   failed
 3900     87.07 (   1.40)     88.85 (   1.37)     46.91 (   2.59)      8.45 (  14.40)   5.69e-15   5.87e-15   6.08e-15   failed
 4000     88.44 (   1.45)     88.74 (   1.44)     46.01 (   2.78)      8.46 (  15.14)   6.07e-15   6.24e-15   6.19e-15   failed
 4100     87.08 (   1.54)     87.99 (   1.53)     39.11 (   3.44)      8.02 (  16.77)   7.58e-15   6.75e-15   7.00e-15   failed
 4200     87.63 (   1.61)     89.12 (   1.58)     41.80 (   3.38)      8.46 (  16.69)   5.38e-15   5.44e-15   5.83e-15   failed
 4300     89.69 (   1.65)     88.50 (   1.67)     42.61 (   3.47)      8.48 (  17.44)   7.09e-15   7.48e-15   6.63e-15   failed
 4400     89.09 (   1.74)     89.77 (   1.73)     42.65 (   3.63)      8.45 (  18.34)   8.27e-15   8.48e-15   7.80e-15   failed
 4500     90.53 (   1.79)     89.39 (   1.81)     44.73 (   3.62)      8.54 (  18.98)   6.07e-15   6.87e-15   5.92e-15   failed
 4600     90.99 (   1.86)     89.97 (   1.88)     46.32 (   3.66)      8.51 (  19.91)   6.07e-15   5.73e-15   6.28e-15   failed
 4700     91.79 (   1.93)     88.97 (   1.99)     46.40 (   3.81)      8.63 (  20.48)   7.42e-15   9.41e-15   8.83e-15   failed
 4800     92.24 (   2.00)     89.51 (   2.06)     46.22 (   3.99)      8.61 (  21.41)   6.90e-15   7.21e-15   7.59e-15   failed
 4900     91.62 (   2.10)     89.53 (   2.15)     47.08 (   4.08)      8.63 (  22.28)   6.72e-15   7.17e-15   6.66e-15   failed
 5000     93.22 (   2.15)     90.24 (   2.22)     47.22 (   4.24)      8.69 (  23.03)   7.08e-15   6.39e-15   6.93e-15   failed
 5100     93.30 (   2.23)     90.50 (   2.30)     48.08 (   4.33)      8.56 (  24.33)   6.77e-15   7.20e-15   7.69e-15   failed
 5200     94.57 (   2.29)     91.42 (   2.37)     43.32 (   4.99)      8.60 (  25.16)   7.67e-15   7.32e-15   7.63e-15   failed
 5300     94.93 (   2.37)     91.98 (   2.44)     43.36 (   5.18)      8.68 (  25.90)   8.51e-15   8.42e-15   7.62e-15   failed
 5400     95.94 (   2.43)     91.80 (   2.54)     43.40 (   5.38)      8.58 (  27.20)   6.74e-15   7.04e-15   6.83e-15   failed
 5500     96.33 (   2.51)     91.94 (   2.63)     44.17 (   5.48)      8.61 (  28.11)   7.61e-15   7.40e-15   6.95e-15   failed
 5600     98.33 (   2.55)     90.93 (   2.76)     45.35 (   5.53)      8.60 (  29.19)   8.96e-15   8.30e-15   8.46e-15   failed
 5700     98.07 (   2.65)     91.81 (   2.83)     45.65 (   5.70)      8.30 (  31.33)   7.18e-15   8.18e-15   7.36e-15   failed
 5800     97.04 (   2.77)     91.75 (   2.93)     47.07 (   5.72)      8.65 (  31.13)   8.33e-15   7.19e-15   7.67e-15   failed
 5900     97.70 (   2.85)     92.54 (   3.01)     47.89 (   5.82)      8.66 (  32.15)   8.18e-15   9.25e-15   8.50e-15   failed
 6000     98.22 (   2.93)     92.45 (   3.12)     48.03 (   6.00)      8.70 (  33.10)   6.85e-15   7.70e-15   7.43e-15   failed
 6100     98.14 (   3.03)     92.98 (   3.20)     48.07 (   6.19)      8.73 (  34.12)   7.53e-15   7.95e-15   7.67e-15   failed
 6200     98.52 (   3.12)     93.10 (   3.30)     43.58 (   7.06)      8.71 (  35.31)   8.04e-15   7.28e-15   7.24e-15   failed
 6300     98.32 (   3.23)     92.46 (   3.43)     44.14 (   7.19)      8.27 (  38.41)   8.91e-15   8.75e-15   8.86e-15   failed
 6400     98.67 (   3.32)     91.86 (   3.57)     44.43 (   7.38)      9.01 (  36.38)   7.11e-15   7.39e-15   7.25e-15   failed
 6500     99.61 (   3.39)     91.89 (   3.68)     44.72 (   7.56)      8.61 (  39.29)   7.85e-15   8.97e-15   8.40e-15   failed
 6600     99.82 (   3.49)     92.43 (   3.77)     45.88 (   7.60)      8.65 (  40.31)   7.30e-15   7.44e-15   7.23e-15   failed
 6700    100.14 (   3.59)     92.53 (   3.88)     45.81 (   7.84)      8.25 (  43.52)   9.14e-15   9.40e-15   8.89e-15   failed
 6800     99.89 (   3.70)     92.20 (   4.01)     46.40 (   7.97)      8.28 (  44.69)   9.71e-15   9.71e-15   9.76e-15   failed
 6900    101.56 (   3.75)     92.92 (   4.10)     47.09 (   8.09)      8.60 (  44.27)   8.25e-15   8.55e-15   8.55e-15   failed
 7000    100.61 (   3.90)     92.69 (   4.23)     47.77 (   8.21)      8.20 (  47.84)   8.67e-15   7.43e-15   7.18e-15   failed
 7100    100.06 (   4.03)     92.70 (   4.35)     47.61 (   8.47)      8.25 (  48.90)   8.33e-15   8.20e-15   7.92e-15   failed
 7200    102.27 (   4.06)     92.94 (   4.46)     44.55 (   9.31)      8.01 (  51.82)   8.59e-15   7.78e-15   8.34e-15   failed
 7300    102.25 (   4.17)     93.57 (   4.56)     45.50 (   9.37)      7.83 (  54.43)   8.85e-15   7.86e-15   8.24e-15   failed
 7400    102.76 (   4.26)     93.29 (   4.70)     45.45 (   9.64)      8.06 (  54.36)   8.38e-15   8.65e-15   8.38e-15   failed
 7500    103.87 (   4.33)     93.21 (   4.83)     45.06 (   9.99)      8.05 (  55.95)   9.37e-15   9.78e-15   9.40e-15   failed
 7600    103.63 (   4.46)     93.03 (   4.97)     46.54 (   9.93)      8.07 (  57.30)   9.15e-15   8.27e-15   8.71e-15   failed
 7700    102.60 (   4.62)     92.84 (   5.11)     46.49 (  10.20)      8.06 (  58.86)   8.84e-15   8.34e-15   9.15e-15   failed
 7800    101.70 (   4.79)     93.50 (   5.21)     46.78 (  10.41)      7.56 (  64.38)   8.12e-15   9.13e-15   8.24e-15   failed
 7900    102.27 (   4.88)     93.08 (   5.36)     47.24 (  10.57)      7.65 (  65.30)   1.04e-14   1.05e-14   1.02e-14   failed
 8000    102.91 (   4.98)     93.18 (   5.50)     47.04 (  10.89)      7.60 (  67.39)   1.06e-14   9.34e-15   1.00e-14   failed
 8100    103.61 (   5.07)     93.63 (   5.61)     47.82 (  10.98)      7.51 (  69.88)   1.12e-14   1.27e-14   1.21e-14   failed
 8200    103.55 (   5.20)     93.57 (   5.75)     44.49 (  12.09)      7.34 (  73.33)   9.85e-15   9.72e-15   9.45e-15   failed
 8300    103.89 (   5.31)     92.99 (   5.93)     44.66 (  12.34)      7.25 (  76.05)   9.43e-15   9.61e-15   8.37e-15   failed
 8400    104.67 (   5.39)     93.49 (   6.04)     45.01 (  12.54)      7.59 (  74.43)   9.52e-15   9.29e-15   1.09e-14   failed
 8500    104.98 (   5.51)     93.86 (   6.16)     46.82 (  12.35)      7.54 (  76.66)   8.73e-15   9.08e-15   9.34e-15   failed
 8600    104.79 (   5.65)     93.81 (   6.31)     46.54 (  12.71)      7.67 (  77.11)   9.74e-15   1.02e-14   8.91e-15   failed
 8700    104.13 (   5.82)     94.23 (   6.43)     46.01 (  13.16)      7.58 (  79.95)   9.92e-15   9.88e-15   1.02e-14   failed
 8800    104.67 (   5.92)     93.37 (   6.64)     47.09 (  13.16)      7.81 (  79.29)   9.75e-15   9.41e-15   9.62e-15   failed
 8900    104.72 (   6.05)     94.26 (   6.72)     46.79 (  13.55)      8.11 (  78.18)   9.93e-15   9.80e-15   1.06e-14   failed
 9000    105.16 (   6.16)     93.86 (   6.91)     47.55 (  13.63)      8.05 (  80.53)   1.05e-14   1.03e-14   1.03e-14   failed
10000    106.63 (   7.50)     94.69 (   8.45)     47.55 (  16.83)      8.26 (  96.87)   9.28e-15   1.01e-14   9.12e-15   failed
12000    109.91 (  10.48)     93.78 (  12.28)     48.20 (  23.90)      8.27 ( 139.25)   1.42e-14   1.38e-14   1.30e-14   failed
14000    108.23 (  14.49)     94.48 (  16.60)     48.30 (  32.47)      8.44 ( 185.88)   1.34e-14   1.27e-14   1.28e-14   failed
16000    107.08 (  19.13)     94.38 (  21.70)     47.40 (  43.21)      8.74 ( 234.35)   1.32e-14   1.36e-14   1.26e-14   failed
18000    107.55 (  24.10)     95.12 (  27.25)     47.25 (  54.86)      8.35 ( 310.50)   1.44e-14   1.48e-14   1.40e-14   failed
20000    106.70 (  29.99)     94.26 (  33.95)     47.20 (  67.80)      8.19 ( 390.92)   1.64e-14   1.48e-14   1.55e-14   failed
Sat Sep 12 11:05:50 EDT 2015

Sat Sep 12 11:05:50 EDT 2015
numactl --interleave=all ../testing/testing_zhemv -U -N 123 -N 1234 --range 10:90:1 --range 100:900:10 --range 1000:9000:100 --range 10000:20000:2000 --lapack
% MAGMA 1.7.0  compiled for CUDA capability >= 3.5, 32-bit magma_int_t, 64-bit pointer.
% CUDA runtime 7000, driver 7000. OpenMP threads 16. MKL 11.2.2, MKL threads 16. 
% device 0: Tesla K40c, 745.0 MHz clock, 11519.6 MB memory, capability 3.5
% device 1: Tesla K40c, 745.0 MHz clock, 11519.6 MB memory, capability 3.5
% device 2: Tesla K40c, 745.0 MHz clock, 11519.6 MB memory, capability 3.5
% Sat Sep 12 11:05:56 2015
% Usage: ../testing/testing_zhemv [options] [-h|--help]

% uplo = Upper
%   N   MAGMA Gflop/s (ms)    Atomics Gflop/s      CUBLAS Gflop/s       CPU Gflop/s   MAGMA error  Atomics    CUBLAS
%=====================================================================================================================
  123      1.86 (   0.07)      2.04 (   0.06)      1.68 (   0.07)      1.67 (   0.07)   8.11e-16   8.11e-16   8.09e-16   ok
 1234     45.51 (   0.27)     38.23 (   0.32)     30.11 (   0.41)     10.28 (   1.19)   3.58e-15   3.78e-15   3.74e-15   failed
   10      0.02 (   0.04)      0.03 (   0.03)      0.04 (   0.03)      0.43 (   0.00)   7.16e-16   3.66e-16   7.16e-16   ok
   11      0.03 (   0.04)      0.04 (   0.03)      0.05 (   0.02)      0.51 (   0.00)   3.33e-16   2.91e-16   2.28e-16   ok
   12      0.04 (   0.04)      0.05 (   0.03)      0.05 (   0.03)      0.60 (   0.00)   5.78e-16   3.31e-16   2.96e-16   ok
   13      0.04 (   0.04)      0.06 (   0.03)      0.06 (   0.02)      0.70 (   0.00)   3.42e-16   5.51e-16   2.05e-16   ok
   14      0.04 (   0.04)      0.07 (   0.02)      0.08 (   0.02)      0.81 (   0.00)   2.84e-16   2.54e-16   2.84e-16   ok
   15      0.05 (   0.04)      0.08 (   0.03)      0.08 (   0.03)      0.92 (   0.00)   3.74e-16   3.60e-16   3.74e-16   ok
   16      0.06 (   0.04)      0.09 (   0.03)      0.09 (   0.03)      1.17 (   0.00)   3.33e-16   4.44e-16   3.51e-16   ok
   17      0.06 (   0.04)      0.10 (   0.03)      0.09 (   0.03)      0.81 (   0.00)   4.31e-16   2.34e-16   4.31e-16   ok
   18      0.07 (   0.04)      0.11 (   0.03)      0.10 (   0.03)      1.31 (   0.00)   2.79e-16   4.07e-16   4.07e-16   ok
   19      0.08 (   0.04)      0.11 (   0.03)      0.11 (   0.03)      1.09 (   0.00)   4.18e-16   4.18e-16   4.18e-16   ok
   20      0.09 (   0.04)      0.13 (   0.03)      0.13 (   0.03)      1.11 (   0.00)   3.97e-16   5.35e-16   3.97e-16   ok
   21      0.10 (   0.04)      0.14 (   0.03)      0.14 (   0.03)      1.22 (   0.00)   3.49e-16   3.78e-16   3.49e-16   ok
   22      0.11 (   0.04)      0.15 (   0.03)      0.15 (   0.03)      1.45 (   0.00)   5.11e-16   4.91e-16   4.04e-16   ok
   23      0.12 (   0.04)      0.16 (   0.03)      0.17 (   0.03)      1.45 (   0.00)   3.18e-16   5.57e-16   3.09e-16   ok
   24      0.12 (   0.04)      0.18 (   0.03)      0.18 (   0.03)      1.58 (   0.00)   4.68e-16   4.68e-16   3.05e-16   ok
   25      0.13 (   0.04)      0.20 (   0.03)      0.19 (   0.03)      1.85 (   0.00)   4.26e-16   5.68e-16   4.26e-16   ok
   26      0.15 (   0.04)      0.21 (   0.03)      0.20 (   0.03)      1.85 (   0.00)   3.42e-16   4.32e-16   4.58e-16   ok
   27      0.15 (   0.04)      0.22 (   0.03)      0.22 (   0.03)      1.99 (   0.00)   5.43e-16   5.43e-16   3.96e-16   ok
   28      0.16 (   0.04)      0.23 (   0.03)      0.23 (   0.03)      2.13 (   0.00)   4.26e-16   3.83e-16   4.01e-16   ok
   29      0.18 (   0.04)      0.25 (   0.03)      0.25 (   0.03)      2.28 (   0.00)   3.68e-16   3.47e-16   2.88e-16   ok
   30      0.20 (   0.04)      0.27 (   0.03)      0.27 (   0.03)      1.98 (   0.00)   3.35e-16   3.35e-16   5.92e-16   ok
   31      0.21 (   0.04)      0.27 (   0.03)      0.28 (   0.03)      2.11 (   0.00)   4.73e-16   3.44e-16   3.44e-16   ok
   32      0.23 (   0.04)      0.30 (   0.03)      0.30 (   0.03)      2.12 (   0.00)   4.58e-16   4.58e-16   4.58e-16   ok
   33      0.24 (   0.04)      0.22 (   0.04)      0.30 (   0.03)      1.82 (   0.01)   4.81e-16   4.81e-16   4.44e-16   ok
   34      0.27 (   0.04)      0.24 (   0.04)      0.33 (   0.03)      2.38 (   0.00)   7.01e-16   7.01e-16   4.93e-16   ok
   35      0.27 (   0.04)      0.26 (   0.04)      0.37 (   0.03)      2.04 (   0.01)   4.13e-16   4.54e-16   4.19e-16   ok
   36      0.28 (   0.04)      0.28 (   0.04)      0.37 (   0.03)      2.83 (   0.00)   4.22e-16   4.41e-16   6.00e-16   ok
   37      0.30 (   0.04)      0.30 (   0.04)      0.39 (   0.03)      2.81 (   0.00)   4.29e-16   5.81e-16   4.19e-16   ok
   38      0.33 (   0.04)      0.32 (   0.04)      0.40 (   0.03)      2.40 (   0.01)   7.54e-16   7.48e-16   6.27e-16   ok
   39      0.34 (   0.04)      0.33 (   0.04)      0.42 (   0.03)      2.52 (   0.01)   5.47e-16   6.11e-16   6.11e-16   ok
   40      0.36 (   0.04)      0.36 (   0.04)      0.46 (   0.03)      2.65 (   0.01)   6.40e-16   5.02e-16   5.62e-16   ok
   41      0.36 (   0.04)      0.37 (   0.04)      0.48 (   0.03)      2.78 (   0.01)   5.29e-16   5.27e-16   5.21e-16   ok
   42      0.40 (   0.04)      0.39 (   0.04)      0.50 (   0.03)      2.45 (   0.01)   5.15e-16   5.15e-16   3.78e-16   ok
   43      0.39 (   0.04)      0.40 (   0.04)      0.49 (   0.03)      2.57 (   0.01)   5.03e-16   5.03e-16   5.03e-16   ok
   44      0.42 (   0.04)      0.42 (   0.04)      0.53 (   0.03)      2.69 (   0.01)   5.11e-16   4.91e-16   6.46e-16   ok
   45      0.43 (   0.04)      0.43 (   0.04)      0.56 (   0.03)      2.81 (   0.01)   8.50e-16   8.05e-16   8.50e-16   ok
   46      0.47 (   0.04)      0.45 (   0.04)      0.58 (   0.03)      2.53 (   0.01)   5.18e-16   6.29e-16   4.88e-16   ok
   47      0.47 (   0.04)      0.47 (   0.04)      0.59 (   0.03)      2.64 (   0.01)   6.46e-16   7.57e-16   6.06e-16   ok
   48      0.47 (   0.04)      0.49 (   0.04)      0.61 (   0.03)      2.75 (   0.01)   4.97e-16   4.68e-16   5.34e-16   ok
   49      0.47 (   0.04)      0.49 (   0.04)      0.62 (   0.03)      2.86 (   0.01)   7.25e-16   5.80e-16   5.85e-16   ok
   50      0.50 (   0.04)      0.51 (   0.04)      0.64 (   0.03)      2.88 (   0.01)   5.68e-16   5.70e-16   6.03e-16   ok
   51      0.55 (   0.04)      0.55 (   0.04)      0.65 (   0.03)      3.10 (   0.01)   5.74e-16   5.57e-16   5.74e-16   ok
   52      0.54 (   0.04)      0.57 (   0.04)      0.70 (   0.03)      3.11 (   0.01)   7.36e-16   6.83e-16   6.83e-16   ok
   53      0.59 (   0.04)      0.58 (   0.04)      0.72 (   0.03)      2.85 (   0.01)   5.47e-16   4.24e-16   5.36e-16   ok
   54      0.61 (   0.04)      0.58 (   0.04)      0.75 (   0.03)      2.96 (   0.01)   6.87e-16   6.61e-16   6.71e-16   ok
   55      0.62 (   0.04)      0.62 (   0.04)      0.78 (   0.03)      2.82 (   0.01)   5.33e-16   5.52e-16   5.33e-16   ok
   56      0.66 (   0.04)      0.65 (   0.04)      0.81 (   0.03)      3.18 (   0.01)   5.38e-16   4.57e-16   4.57e-16   ok
   57      0.64 (   0.04)      0.67 (   0.04)      0.81 (   0.03)      2.94 (   0.01)   6.71e-16   6.36e-16   5.14e-16   ok
   58      0.66 (   0.04)      0.67 (   0.04)      0.86 (   0.03)      3.05 (   0.01)   7.35e-16   6.93e-16   7.38e-16   ok
   59      0.68 (   0.04)      0.70 (   0.04)      0.86 (   0.03)      3.15 (   0.01)   4.34e-16   4.97e-16   4.93e-16   ok
   60      0.74 (   0.04)      0.72 (   0.04)      0.92 (   0.03)      3.26 (   0.01)   5.30e-16   4.88e-16   4.74e-16   ok
   61      0.73 (   0.04)      0.73 (   0.04)      0.92 (   0.03)      3.05 (   0.01)   8.40e-16   7.81e-16   1.10e-15   ok
   62      0.75 (   0.04)      0.75 (   0.04)      0.99 (   0.03)      3.89 (   0.01)   6.88e-16   6.88e-16   5.84e-16   ok
   63      0.82 (   0.04)      0.77 (   0.04)      0.95 (   0.03)      3.59 (   0.01)   5.64e-16   6.86e-16   4.79e-16   ok
   64      0.93 (   0.04)      0.84 (   0.04)      1.04 (   0.03)      3.35 (   0.01)   5.55e-16   4.97e-16   4.97e-16   ok
   65      0.72 (   0.05)      0.78 (   0.04)      1.02 (   0.03)      3.45 (   0.01)   4.89e-16   6.65e-16   4.89e-16   ok
   66      0.79 (   0.05)      0.81 (   0.04)      1.05 (   0.03)      3.25 (   0.01)   5.62e-16   6.89e-16   4.81e-16   ok
   67      0.80 (   0.05)      0.87 (   0.04)      1.08 (   0.03)      3.28 (   0.01)   6.50e-16   8.55e-16   8.55e-16   ok
   68      0.82 (   0.05)      0.90 (   0.04)      1.14 (   0.03)      3.37 (   0.01)   6.36e-16   5.33e-16   5.22e-16   ok
   69      0.85 (   0.05)      0.93 (   0.04)      1.14 (   0.03)      3.26 (   0.01)   6.51e-16   6.51e-16   6.18e-16   ok
   70      0.89 (   0.04)      0.93 (   0.04)      1.18 (   0.03)      5.09 (   0.01)   6.42e-16   6.11e-16   6.28e-16   ok
   71      0.86 (   0.05)      0.94 (   0.04)      1.24 (   0.03)      4.11 (   0.01)   6.41e-16   6.17e-16   6.33e-16   ok
   72      0.88 (   0.05)      0.96 (   0.04)      1.21 (   0.04)      3.86 (   0.01)   1.01e-15   9.92e-16   7.96e-16   ok
   73      0.93 (   0.05)      0.99 (   0.04)      1.24 (   0.04)      3.88 (   0.01)   9.93e-16   7.85e-16   7.79e-16   ok
   74      0.95 (   0.05)      1.02 (   0.04)      1.28 (   0.04)      4.08 (   0.01)   9.06e-16   8.59e-16   7.92e-16   ok
   75      0.93 (   0.05)      1.04 (   0.04)      1.36 (   0.03)      4.58 (   0.01)   8.00e-16   7.94e-16   7.87e-16   ok
   76      0.94 (   0.05)      1.09 (   0.04)      1.35 (   0.03)      5.20 (   0.01)   7.54e-16   5.91e-16   7.48e-16   ok
   77      1.01 (   0.05)      1.10 (   0.04)      1.38 (   0.04)      3.76 (   0.01)   7.61e-16   7.44e-16   5.61e-16   ok
   78      1.06 (   0.05)      1.13 (   0.04)      1.46 (   0.03)      4.16 (   0.01)   8.15e-16   7.29e-16   7.78e-16   ok
   79      1.04 (   0.05)      1.13 (   0.05)      1.46 (   0.03)      5.08 (   0.01)   7.68e-16   9.04e-16   7.25e-16   ok
   80      1.11 (   0.05)      1.19 (   0.04)      1.49 (   0.04)      4.29 (   0.01)   7.32e-16   6.40e-16   5.62e-16   ok
   81      1.14 (   0.05)      1.19 (   0.05)      1.48 (   0.04)      4.87 (   0.01)   5.70e-16   7.57e-16   7.75e-16   ok
   82      1.17 (   0.05)      1.24 (   0.04)      1.57 (   0.03)      4.59 (   0.01)   6.25e-16   6.93e-16   5.30e-16   ok
   83      1.08 (   0.05)      1.27 (   0.04)      1.60 (   0.04)      5.60 (   0.01)   6.90e-16   7.06e-16   8.56e-16   ok
   84      1.20 (   0.05)      1.30 (   0.04)      1.60 (   0.04)      4.08 (   0.01)   7.80e-16   6.98e-16   5.67e-16   ok
   85      1.25 (   0.05)      1.34 (   0.04)      1.68 (   0.04)      4.93 (   0.01)   7.01e-16   6.70e-16   6.72e-16   ok
   86      1.26 (   0.05)      1.34 (   0.05)      1.67 (   0.04)      4.59 (   0.01)   7.79e-16   8.26e-16   9.95e-16   ok
   87      1.28 (   0.05)      1.37 (   0.05)      1.71 (   0.04)      5.17 (   0.01)   6.98e-16   5.17e-16   5.89e-16   ok
   88      1.26 (   0.05)      1.44 (   0.04)      1.75 (   0.04)      6.29 (   0.01)   1.03e-15   8.43e-16   7.22e-16   ok
   89      1.29 (   0.05)      1.40 (   0.05)      1.74 (   0.04)      5.41 (   0.01)   1.12e-15   8.60e-16   1.01e-15   ok
   90      1.37 (   0.05)      1.46 (   0.05)      1.83 (   0.04)      4.68 (   0.01)   8.14e-16   7.89e-16   7.06e-16   ok
  100      1.56 (   0.05)      1.69 (   0.05)      2.08 (   0.04)      4.80 (   0.02)   1.02e-15   9.10e-16   1.02e-15   ok
  110      1.96 (   0.05)      1.96 (   0.05)      2.57 (   0.04)      6.14 (   0.02)   9.08e-16   7.79e-16   6.59e-16   ok
  120      2.24 (   0.05)      2.39 (   0.05)      2.84 (   0.04)      7.30 (   0.02)   7.58e-16   7.20e-16   7.49e-16   ok
  130      2.48 (   0.06)      2.48 (   0.06)      3.19 (   0.04)      7.17 (   0.02)   1.32e-15   1.11e-15   1.34e-15   ok
  140      2.78 (   0.06)      2.99 (   0.05)      3.78 (   0.04)      7.91 (   0.02)   1.02e-15   8.18e-16   8.12e-16   ok
  150      3.14 (   0.06)      3.24 (   0.06)      4.24 (   0.04)      7.26 (   0.03)   1.14e-15   1.14e-15   1.14e-15   ok
  160      3.39 (   0.06)      3.82 (   0.05)      4.61 (   0.04)      9.03 (   0.02)   1.07e-15   9.57e-16   8.93e-16   ok
  170      3.90 (   0.06)      3.84 (   0.06)      4.94 (   0.05)      7.76 (   0.03)   1.03e-15   1.02e-15   1.02e-15   ok
  180      4.22 (   0.06)      4.22 (   0.06)      5.43 (   0.05)      7.67 (   0.03)   9.99e-16   1.01e-15   9.48e-16   ok
  190      4.84 (   0.06)      4.79 (   0.06)      5.96 (   0.05)      9.39 (   0.03)   1.25e-15   1.06e-15   1.06e-15   ok
  200      4.90 (   0.07)      5.45 (   0.06)      6.47 (   0.05)      9.52 (   0.03)   1.30e-15   1.46e-15   1.28e-15   ok
  210      5.30 (   0.07)      5.48 (   0.06)      6.96 (   0.05)      9.55 (   0.04)   1.03e-15   1.35e-15   1.08e-15   ok
  220      5.66 (   0.07)      5.66 (   0.07)      7.50 (   0.05)      9.29 (   0.04)   9.69e-16   1.17e-15   1.05e-15   ok
  230      5.69 (   0.07)      5.92 (   0.07)      7.87 (   0.05)      9.87 (   0.04)   1.11e-15   1.17e-15   9.96e-16   ok
  240      6.53 (   0.07)      6.92 (   0.07)      8.57 (   0.05)      9.44 (   0.05)   1.28e-15   1.21e-15   1.19e-15   ok
  250      7.27 (   0.07)      7.18 (   0.07)      8.98 (   0.06)      9.68 (   0.05)   1.60e-15   1.38e-15   1.37e-15   ok
  260      6.98 (   0.08)      7.36 (   0.07)      9.39 (   0.06)      9.55 (   0.06)   1.54e-15   1.32e-15   1.32e-15   ok
  270      7.62 (   0.08)      8.04 (   0.07)      9.92 (   0.06)      9.76 (   0.06)   1.34e-15   1.32e-15   1.28e-15   ok
  280      8.09 (   0.08)      8.40 (   0.08)     10.33 (   0.06)     10.02 (   0.06)   1.73e-15   1.77e-15   1.45e-15   ok
  290      8.57 (   0.08)      8.78 (   0.08)     10.54 (   0.06)      9.68 (   0.07)   1.98e-15   2.16e-15   1.96e-15   ok
  300      8.82 (   0.08)      9.17 (   0.08)     11.16 (   0.06)      9.67 (   0.07)   1.36e-15   1.41e-15   1.59e-15   ok
  310      9.53 (   0.08)      9.53 (   0.08)     11.70 (   0.07)     10.16 (   0.08)   1.30e-15   1.47e-15   1.30e-15   ok
  320     10.30 (   0.08)     11.10 (   0.07)     12.11 (   0.07)     10.27 (   0.08)   1.60e-15   1.45e-15   1.43e-15   ok
  330      9.74 (   0.09)     10.67 (   0.08)     12.70 (   0.07)     10.06 (   0.09)   1.72e-15   1.48e-15   1.35e-15   ok
  340     10.12 (   0.09)     10.09 (   0.09)     13.25 (   0.07)      9.99 (   0.09)   1.50e-15   1.34e-15   1.20e-15   ok
  350     11.19 (   0.09)     10.92 (   0.09)     14.04 (   0.07)      9.92 (   0.10)   1.50e-15   1.70e-15   1.50e-15   ok
  360     11.43 (   0.09)     11.83 (   0.09)     14.22 (   0.07)     10.02 (   0.10)   1.56e-15   1.59e-15   1.42e-15   ok
  370     12.07 (   0.09)     12.07 (   0.09)     14.64 (   0.08)     10.48 (   0.10)   2.48e-15   1.92e-15   2.00e-15   ok
  380     12.60 (   0.09)     12.47 (   0.09)     15.90 (   0.07)     10.16 (   0.11)   1.92e-15   1.74e-15   1.81e-15   ok
  390     12.00 (   0.10)     12.11 (   0.10)     16.06 (   0.08)     10.17 (   0.12)   1.90e-15   1.76e-15   1.55e-15   ok
  400     12.83 (   0.10)     13.51 (   0.10)     16.68 (   0.08)     10.28 (   0.12)   1.48e-15   1.43e-15   1.57e-15   ok
  410     13.10 (   0.10)     14.08 (   0.10)     16.90 (   0.08)     10.24 (   0.13)   1.68e-15   1.62e-15   1.68e-15   ok
  420     13.91 (   0.10)     13.62 (   0.10)     17.47 (   0.08)      9.77 (   0.14)   1.97e-15   1.81e-15   1.67e-15   ok
  430     14.41 (   0.10)     14.82 (   0.10)     17.89 (   0.08)     10.31 (   0.14)   1.72e-15   1.67e-15   1.60e-15   ok
  440     14.92 (   0.10)     14.81 (   0.10)     18.73 (   0.08)     10.43 (   0.15)   1.94e-15   1.94e-15   2.07e-15   ok
  450     14.63 (   0.11)     14.76 (   0.11)     18.48 (   0.09)     10.36 (   0.16)   1.97e-15   2.16e-15   1.88e-15   ok
  460     15.32 (   0.11)     16.49 (   0.10)     19.52 (   0.09)     10.23 (   0.17)   1.50e-15   1.51e-15   1.73e-15   ok
  470     15.27 (   0.12)     15.27 (   0.12)     19.94 (   0.09)     10.55 (   0.17)   2.21e-15   2.23e-15   2.19e-15   ok
  480     16.22 (   0.11)     18.33 (   0.10)     20.57 (   0.09)     10.62 (   0.17)   2.12e-15   2.17e-15   2.33e-15   ok
  490     16.59 (   0.12)     16.91 (   0.11)     20.94 (   0.09)     10.70 (   0.18)   2.37e-15   2.62e-15   2.12e-15   ok
  500     16.86 (   0.12)     15.94 (   0.13)     21.30 (   0.09)     10.50 (   0.19)   1.64e-15   1.82e-15   1.71e-15   ok
  510     17.54 (   0.12)     16.55 (   0.13)     21.99 (   0.09)     10.19 (   0.20)   1.58e-15   1.57e-15   1.78e-15   ok
  520     17.23 (   0.13)     17.95 (   0.12)     22.41 (   0.10)     10.39 (   0.21)   1.97e-15   1.97e-15   1.97e-15   ok
  530     18.04 (   0.12)     17.73 (   0.13)     22.51 (   0.10)     10.78 (   0.21)   1.93e-15   1.77e-15   1.63e-15   ok
  540     18.55 (   0.13)     18.31 (   0.13)     23.20 (   0.10)     10.54 (   0.22)   1.88e-15   1.69e-15   1.70e-15   ok
  550     18.68 (   0.13)     17.08 (   0.14)     23.56 (   0.10)     10.65 (   0.23)   2.28e-15   1.88e-15   1.89e-15   ok
  560     19.36 (   0.13)     18.77 (   0.13)     24.14 (   0.10)     10.76 (   0.23)   2.29e-15   2.04e-15   1.92e-15   ok
  570     20.35 (   0.13)     19.04 (   0.14)     24.62 (   0.11)     10.47 (   0.25)   2.59e-15   2.60e-15   2.40e-15   ok
  580     19.85 (   0.14)     19.28 (   0.14)     24.98 (   0.11)     10.58 (   0.26)   2.07e-15   1.96e-15   1.85e-15   ok
  590     20.65 (   0.14)     19.78 (   0.14)     26.08 (   0.11)     10.62 (   0.26)   2.04e-15   2.26e-15   2.17e-15   ok
  600     21.06 (   0.14)     20.92 (   0.14)     26.50 (   0.11)     10.77 (   0.27)   2.09e-15   2.10e-15   1.90e-15   ok
  610     21.62 (   0.14)     20.03 (   0.15)     27.09 (   0.11)     10.73 (   0.28)   2.08e-15   2.15e-15   2.22e-15   ok
  620     22.18 (   0.14)     21.41 (   0.14)     27.51 (   0.11)     10.74 (   0.29)   2.07e-15   2.22e-15   2.03e-15   ok
  630     22.25 (   0.14)     21.36 (   0.15)     27.70 (   0.11)     10.79 (   0.29)   1.82e-15   2.00e-15   2.02e-15   ok
  640     23.96 (   0.14)     22.04 (   0.15)     28.52 (   0.12)     10.99 (   0.30)   1.99e-15   1.80e-15   1.96e-15   ok
  650     22.45 (   0.15)     22.00 (   0.15)     28.48 (   0.12)     10.86 (   0.31)   2.23e-15   2.31e-15   2.31e-15   ok
  660     22.50 (   0.16)     23.63 (   0.15)     29.36 (   0.12)     10.65 (   0.33)   3.14e-15   2.97e-15   2.80e-15   ok
  670     23.85 (   0.15)     22.50 (   0.16)     29.72 (   0.12)     10.84 (   0.33)   2.60e-15   2.74e-15   2.59e-15   ok
  680     24.22 (   0.15)     23.78 (   0.16)     30.61 (   0.12)     10.81 (   0.34)   2.49e-15   2.64e-15   2.39e-15   ok
  690     24.63 (   0.15)     23.41 (   0.16)     30.55 (   0.12)     10.91 (   0.35)   2.49e-15   2.31e-15   2.48e-15   ok
  700     25.16 (   0.16)     24.27 (   0.16)     31.44 (   0.12)     10.70 (   0.37)   2.29e-15   2.48e-15   2.45e-15   ok
  710     24.93 (   0.16)     22.45 (   0.18)     32.04 (   0.13)     10.78 (   0.38)   2.08e-15   2.24e-15   2.05e-15   ok
  720     25.94 (   0.16)     24.76 (   0.17)     32.76 (   0.13)     10.79 (   0.39)   2.46e-15   2.25e-15   2.23e-15   ok
  730     26.04 (   0.16)     25.56 (   0.17)     32.64 (   0.13)     10.84 (   0.39)   2.83e-15   2.65e-15   2.81e-15   ok
  740     26.76 (   0.16)     25.97 (   0.17)     32.08 (   0.14)     10.63 (   0.41)   2.92e-15   2.31e-15   2.30e-15   ok
  750     27.65 (   0.16)     27.17 (   0.17)     32.44 (   0.14)     10.87 (   0.41)   2.43e-15   2.29e-15   2.44e-15   ok
  760     27.90 (   0.17)     26.64 (   0.17)     32.15 (   0.14)     10.90 (   0.42)   3.01e-15   2.86e-15   2.85e-15   ok
  770     27.46 (   0.17)     28.44 (   0.17)     34.19 (   0.14)     10.70 (   0.44)   3.40e-15   3.40e-15   3.26e-15   failed
  780     28.02 (   0.17)     27.24 (   0.18)     34.61 (   0.14)     10.70 (   0.46)   2.62e-15   2.77e-15   2.48e-15   ok
  790     28.58 (   0.17)     28.94 (   0.17)     35.20 (   0.14)     10.87 (   0.46)   2.23e-15   2.41e-15   2.25e-15   ok
  800     29.51 (   0.17)     29.68 (   0.17)     35.86 (   0.14)     10.94 (   0.47)   2.84e-15   2.84e-15   2.99e-15   ok
  810     29.68 (   0.18)     29.06 (   0.18)     36.28 (   0.14)     10.89 (   0.48)   2.89e-15   2.45e-15   2.62e-15   ok
  820     30.59 (   0.18)     29.43 (   0.18)     36.17 (   0.15)     10.59 (   0.51)   2.55e-15   2.65e-15   2.65e-15   ok
  830     30.51 (   0.18)     30.35 (   0.18)     37.84 (   0.15)     10.85 (   0.51)   2.38e-15   2.39e-15   2.50e-15   ok
  840     30.56 (   0.19)     31.25 (   0.18)     36.21 (   0.16)     10.98 (   0.52)   3.80e-15   3.80e-15   3.53e-15   failed
  850     31.14 (   0.19)     29.69 (   0.20)     36.19 (   0.16)     10.82 (   0.54)   2.54e-15   2.41e-15   2.41e-15   ok
  860     31.55 (   0.19)     32.58 (   0.18)     37.50 (   0.16)     10.74 (   0.55)   2.57e-15   2.39e-15   2.41e-15   ok
  870     31.92 (   0.19)     26.98 (   0.22)     38.66 (   0.16)     10.77 (   0.56)   2.61e-15   2.49e-15   2.49e-15   ok
  880     32.86 (   0.19)     31.82 (   0.20)     39.08 (   0.16)     10.89 (   0.57)   2.63e-15   2.60e-15   2.65e-15   ok
  890     33.24 (   0.19)     33.62 (   0.19)     38.47 (   0.16)     10.87 (   0.58)   2.17e-15   2.23e-15   2.19e-15   ok
  900     33.45 (   0.19)     34.16 (   0.19)     39.86 (   0.16)     10.48 (   0.62)   2.92e-15   2.58e-15   2.45e-15   ok
 1000     37.63 (   0.21)     34.97 (   0.23)     43.53 (   0.18)     10.86 (   0.74)   2.75e-15   2.39e-15   2.28e-15   ok
 1100     40.58 (   0.24)     35.92 (   0.27)     27.77 (   0.35)     10.57 (   0.92)   3.10e-15   3.31e-15   3.31e-15   ok
 1200     44.71 (   0.26)     38.95 (   0.30)     30.43 (   0.38)     10.14 (   1.14)   3.27e-15   3.54e-15   3.03e-15   failed
 1300     47.67 (   0.28)     42.18 (   0.32)     30.36 (   0.45)      9.67 (   1.40)   3.71e-15   4.77e-15   4.67e-15   failed
 1400     52.67 (   0.30)     45.50 (   0.34)     31.90 (   0.49)      8.82 (   1.78)   4.06e-15   4.23e-15   4.23e-15   failed
 1500     55.45 (   0.32)     46.08 (   0.39)     35.83 (   0.50)      8.33 (   2.16)   3.79e-15   3.79e-15   4.40e-15   failed
 1600     60.29 (   0.34)     57.59 (   0.36)     37.61 (   0.55)      8.38 (   2.45)   3.87e-15   3.98e-15   3.71e-15   failed
 1700     63.40 (   0.37)     50.98 (   0.45)     39.70 (   0.58)      8.24 (   2.81)   4.07e-15   3.89e-15   3.92e-15   failed
 1800     66.14 (   0.39)     53.81 (   0.48)     41.51 (   0.62)      7.93 (   3.27)   4.04e-15   4.17e-15   4.17e-15   failed
 1900     71.02 (   0.41)     55.25 (   0.52)     42.37 (   0.68)      8.20 (   3.53)   4.44e-15   4.57e-15   4.45e-15   failed
 2000     71.83 (   0.45)     55.71 (   0.57)     44.73 (   0.72)      8.44 (   3.80)   4.12e-15   4.09e-15   4.36e-15   failed
 2100     77.09 (   0.46)     56.87 (   0.62)     35.13 (   1.00)      8.31 (   4.25)   4.33e-15   4.13e-15   3.90e-15   failed
 2200     80.21 (   0.48)     58.54 (   0.66)     37.37 (   1.04)      8.46 (   4.58)   3.99e-15   4.60e-15   4.26e-15   failed
 2300     85.89 (   0.49)     59.31 (   0.71)     39.32 (   1.08)      7.58 (   5.58)   5.14e-15   5.16e-15   5.14e-15   failed
 2400     87.35 (   0.53)     73.20 (   0.63)     40.37 (   1.14)      8.44 (   5.46)   4.63e-15   4.93e-15   4.38e-15   failed
 2500     88.39 (   0.57)     60.21 (   0.83)     41.49 (   1.21)      8.39 (   5.96)   5.48e-15   5.67e-15   5.66e-15   failed
 2600     92.00 (   0.59)     62.27 (   0.87)     41.50 (   1.30)      8.44 (   6.41)   6.89e-15   6.86e-15   6.86e-15   failed
 2700     95.34 (   0.61)     63.70 (   0.92)     42.34 (   1.38)      8.32 (   7.01)   5.06e-15   5.02e-15   5.08e-15   failed
 2800     99.17 (   0.63)     65.10 (   0.96)     40.73 (   1.54)      8.52 (   7.37)   5.39e-15   5.55e-15   4.89e-15   failed
 2900    101.96 (   0.66)     65.42 (   1.03)     45.86 (   1.47)      8.45 (   7.97)   5.04e-15   5.06e-15   5.35e-15   failed
 3000    106.13 (   0.68)     66.45 (   1.08)     47.26 (   1.52)      8.58 (   8.39)   5.21e-15   5.16e-15   5.10e-15   failed
 3100    109.10 (   0.71)     66.88 (   1.15)     39.32 (   1.96)      8.44 (   9.12)   6.08e-15   5.41e-15   5.52e-15   failed
 3200    111.18 (   0.74)     84.48 (   0.97)     40.78 (   2.01)      9.40 (   8.72)   5.40e-15   5.55e-15   5.55e-15   failed
 3300    114.71 (   0.76)     65.63 (   1.33)     41.59 (   2.10)      8.52 (  10.22)   5.67e-15   6.10e-15   5.81e-15   failed
 3400    118.31 (   0.78)     67.38 (   1.37)     42.34 (   2.19)      8.59 (  10.77)   6.46e-15   6.11e-15   5.92e-15   failed
 3500    119.57 (   0.82)     68.80 (   1.43)     43.50 (   2.25)      8.23 (  11.91)   6.11e-15   5.59e-15   5.51e-15   failed
 3600    121.28 (   0.86)     70.23 (   1.48)     44.80 (   2.32)      8.62 (  12.03)   5.81e-15   5.82e-15   6.10e-15   failed
 3700    125.08 (   0.88)     71.94 (   1.52)     45.09 (   2.43)      8.46 (  12.95)   5.44e-15   5.65e-15   5.69e-15   failed
 3800    124.67 (   0.93)     69.65 (   1.66)     45.79 (   2.52)      8.57 (  13.48)   6.23e-15   6.12e-15   5.89e-15   failed
 3900    127.07 (   0.96)     69.67 (   1.75)     46.87 (   2.60)      8.36 (  14.56)   5.81e-15   6.08e-15   5.63e-15   failed
 4000    124.81 (   1.03)     90.74 (   1.41)     47.66 (   2.69)      8.56 (  14.96)   6.16e-15   6.28e-15   6.37e-15   failed
 4100    118.74 (   1.13)     70.58 (   1.91)     40.03 (   3.36)      7.91 (  17.02)   6.16e-15   6.89e-15   6.55e-15   failed
 4200    119.23 (   1.18)     72.66 (   1.94)     41.23 (   3.42)      8.54 (  16.53)   7.28e-15   6.54e-15   6.54e-15   failed
 4300    123.19 (   1.20)     71.31 (   2.07)     43.62 (   3.39)      8.39 (  17.64)   6.06e-15   6.35e-15   6.19e-15   failed
 4400    123.57 (   1.25)     71.43 (   2.17)     44.10 (   3.51)      8.61 (  17.99)   6.31e-15   6.39e-15   6.21e-15   failed
 4500    122.49 (   1.32)     73.13 (   2.22)     44.33 (   3.66)      8.51 (  19.05)   6.75e-15   6.53e-15   6.80e-15   failed
 4600    124.43 (   1.36)     73.00 (   2.32)     47.09 (   3.60)      8.62 (  19.65)   6.95e-15   7.40e-15   7.37e-15   failed
 4700    121.57 (   1.45)     74.37 (   2.38)     46.25 (   3.82)      8.54 (  20.71)   6.19e-15   6.62e-15   6.54e-15   failed
 4800    122.52 (   1.50)     96.13 (   1.92)     46.64 (   3.95)      8.78 (  21.01)   7.21e-15   6.83e-15   7.21e-15   failed
 4900    122.46 (   1.57)     73.67 (   2.61)     46.77 (   4.11)      8.66 (  22.20)   8.24e-15   7.80e-15   7.62e-15   failed
 5000    122.73 (   1.63)     73.47 (   2.72)     47.53 (   4.21)      8.84 (  22.64)   7.47e-15   7.83e-15   7.64e-15   failed
 5100    125.23 (   1.66)     74.42 (   2.80)     48.79 (   4.27)      8.62 (  24.14)   8.39e-15   8.64e-15   8.40e-15   failed
 5200    123.58 (   1.75)     74.00 (   2.92)     43.87 (   4.93)      8.82 (  24.54)   8.76e-15   8.93e-15   8.76e-15   failed
 5300    124.05 (   1.81)     74.14 (   3.03)     44.07 (   5.10)      8.68 (  25.89)   8.93e-15   8.59e-15   8.96e-15   failed
 5400    123.26 (   1.89)     75.76 (   3.08)     44.53 (   5.24)      8.74 (  26.71)   7.28e-15   7.42e-15   7.64e-15   failed
 5500    123.76 (   1.96)     75.16 (   3.22)     44.60 (   5.43)      8.58 (  28.22)   7.53e-15   6.95e-15   7.25e-15   failed
 5600    124.36 (   2.02)    100.65 (   2.49)     45.59 (   5.50)      8.70 (  28.85)   8.12e-15   8.45e-15   8.29e-15   failed
 5700    124.34 (   2.09)     76.28 (   3.41)     45.89 (   5.67)      8.56 (  30.36)   8.20e-15   8.11e-15   8.18e-15   failed
 5800    125.79 (   2.14)     75.49 (   3.57)     47.11 (   5.71)      8.82 (  30.53)   9.28e-15   8.33e-15   9.10e-15   failed
 5900    124.52 (   2.24)     75.43 (   3.69)     47.70 (   5.84)      8.64 (  32.24)   7.88e-15   7.56e-15   7.23e-15   failed
 6000    126.63 (   2.27)     77.19 (   3.73)     48.87 (   5.90)      8.79 (  32.78)   7.60e-15   7.88e-15   7.89e-15   failed
 6100    126.48 (   2.35)     76.96 (   3.87)     49.28 (   6.04)      8.77 (  33.94)   8.49e-15   9.36e-15   8.90e-15   failed
 6200    128.33 (   2.40)     76.92 (   4.00)     44.21 (   6.96)      8.88 (  34.62)   7.79e-15   7.88e-15   7.82e-15   failed
 6300    128.64 (   2.47)     78.32 (   4.06)     44.65 (   7.11)      8.28 (  38.37)   8.40e-15   8.02e-15   8.72e-15   failed
 6400    130.37 (   2.51)     99.72 (   3.29)     44.87 (   7.30)      9.31 (  35.20)   8.53e-15   8.69e-15   8.98e-15   failed
 6500    129.73 (   2.61)     77.68 (   4.35)     44.56 (   7.59)      8.65 (  39.07)   7.96e-15   7.22e-15   8.35e-15   failed
 6600    129.05 (   2.70)     78.07 (   4.46)     46.14 (   7.55)      8.84 (  39.44)   8.75e-15   9.98e-15   9.18e-15   failed
 6700    129.63 (   2.77)     78.89 (   4.55)     46.25 (   7.77)      8.21 (  43.75)   7.78e-15   7.94e-15   7.79e-15   failed
 6800    130.11 (   2.84)     77.55 (   4.77)     46.11 (   8.02)      8.38 (  44.16)   9.95e-15   1.02e-14   9.63e-15   failed
 6900    132.42 (   2.88)     77.51 (   4.91)     47.32 (   8.05)      8.68 (  43.87)   8.70e-15   8.51e-15   8.58e-15   failed
 7000    132.11 (   2.97)     77.44 (   5.06)     47.29 (   8.29)      8.03 (  48.82)   9.23e-15   8.75e-15   8.67e-15   failed
 7100    130.84 (   3.08)     79.01 (   5.11)     48.41 (   8.33)      8.19 (  49.24)   7.97e-15   8.42e-15   7.83e-15   failed
 7200    133.64 (   3.10)    104.62 (   3.96)     44.57 (   9.31)      7.42 (  55.87)   7.83e-15   8.23e-15   8.59e-15   failed
 7300    134.35 (   3.17)     78.00 (   5.47)     45.62 (   9.35)      8.05 (  52.98)   9.41e-15   9.67e-15   8.93e-15   failed
 7400    133.10 (   3.29)     77.69 (   5.64)     46.42 (   9.44)      7.93 (  55.26)   7.64e-15   7.70e-15   8.69e-15   failed
 7500    134.19 (   3.35)     79.07 (   5.69)     45.24 (   9.95)      8.06 (  55.85)   8.08e-15   8.51e-15   8.18e-15   failed
 7600    133.65 (   3.46)     80.06 (   5.77)     46.47 (   9.95)      7.86 (  58.79)   8.45e-15   8.41e-15   8.41e-15   failed
 7700    133.93 (   3.54)     78.08 (   6.08)     46.58 (  10.19)      7.94 (  59.78)   8.20e-15   8.11e-15   8.77e-15   failed
 7800    134.88 (   3.61)     80.00 (   6.08)     46.99 (  10.36)      7.43 (  65.54)   8.40e-15   8.81e-15   8.86e-15   failed
 7900    135.15 (   3.70)     79.34 (   6.29)     48.09 (  10.39)      7.61 (  65.62)   9.47e-15   9.87e-15   9.62e-15   failed
 8000    135.98 (   3.77)    106.31 (   4.82)     48.54 (  10.55)      7.72 (  66.34)   9.00e-15   8.96e-15   9.01e-15   failed
 8100    135.44 (   3.88)     81.52 (   6.44)     49.33 (  10.64)      7.49 (  70.09)   8.90e-15   9.06e-15   9.18e-15   failed
 8200    132.35 (   4.07)     78.47 (   6.86)     45.01 (  11.95)      7.24 (  74.27)   9.72e-15   8.68e-15   8.99e-15   failed
 8300    134.90 (   4.09)     79.44 (   6.94)     45.46 (  12.13)      7.25 (  76.07)   9.44e-15   9.66e-15   9.87e-15   failed
 8400    133.44 (   4.23)     79.71 (   7.08)     45.43 (  12.43)      7.44 (  75.88)   8.45e-15   8.24e-15   8.49e-15   failed
 8500    135.17 (   4.28)     81.17 (   7.12)     46.07 (  12.55)      7.58 (  76.31)   8.87e-15   9.55e-15   9.26e-15   failed
 8600    133.05 (   4.45)     81.00 (   7.31)     47.31 (  12.51)      7.51 (  78.85)   1.07e-14   1.17e-14   1.08e-14   failed
 8700    134.32 (   4.51)     79.55 (   7.61)     46.78 (  12.95)      7.53 (  80.44)   9.70e-15   9.67e-15   9.25e-15   failed
 8800    132.06 (   4.69)    105.78 (   5.86)     47.15 (  13.14)      7.73 (  80.16)   9.47e-15   9.71e-15   9.30e-15   failed
 8900    132.62 (   4.78)     79.86 (   7.94)     47.32 (  13.39)      8.08 (  78.45)   1.21e-14   1.29e-14   1.17e-14   failed
 9000    134.10 (   4.83)     80.08 (   8.09)     46.93 (  13.81)      7.93 (  81.68)   9.94e-15   9.76e-15   1.00e-14   failed
10000    132.85 (   6.02)     81.20 (   9.85)     49.07 (  16.31)      8.17 (  97.90)   1.00e-14   1.21e-14   1.12e-14   failed
12000    133.77 (   8.61)    109.13 (  10.56)     47.54 (  24.24)      8.04 ( 143.23)   1.21e-14   1.22e-14   1.28e-14   failed
14000    129.49 (  12.11)     82.64 (  18.98)     47.09 (  33.30)      8.25 ( 190.13)   1.34e-14   1.31e-14   1.34e-14   failed
16000    127.06 (  16.12)    113.98 (  17.97)     47.68 (  42.96)      8.86 ( 231.23)   1.39e-14   1.28e-14   1.23e-14   failed
18000    124.90 (  20.75)     84.69 (  30.61)     46.84 (  55.34)      8.57 ( 302.51)   1.60e-14   1.45e-14   1.56e-14   failed
20000    121.56 (  26.33)    116.43 (  27.49)     47.09 (  67.96)      8.44 ( 379.07)   1.66e-14   1.67e-14   1.79e-14   failed
Sat Sep 12 11:08:49 EDT 2015
