numactl --interleave=all ./testing_dsymv -N 100 -N 1000 --range 10:90:1 --range 100:900:10 --range 1000:9000:100 --range 10000:20000:2000
MAGMA 1.6.0  compiled for CUDA capability >= 3.5
CUDA runtime 7000, driver 7000. OpenMP threads 16. MKL 11.2.3, MKL threads 16. 
device 0: Tesla K40c, 745.0 MHz clock, 11519.6 MB memory, capability 3.5
device 1: Tesla K40c, 745.0 MHz clock, 11519.6 MB memory, capability 3.5
device 2: Tesla K40c, 745.0 MHz clock, 11519.6 MB memory, capability 3.5
Usage: ./testing_dsymv [options] [-h|--help]

uplo = Lower
    N   MAGMA Gflop/s (ms)    Atomics Gflop/s      CUBLAS Gflop/s       CPU Gflop/s   MAGMA error  Atomics    CUBLAS
======================================================================================================================
  100      0.5198 (   0.0389)      0.4580 (   0.0441)      0.4301 (   0.0470)      0.3545 (   0.0570)   2.84e-16   2.84e-16   2.84e-16   ok
 1000     13.4352 (   0.1490)     16.6938 (   0.1199)     15.8733 (   0.1261)      5.8516 (   0.3421)   2.84e-16   2.84e-16   2.27e-16   ok
   10      0.0073 (   0.0300)      0.0088 (   0.0250)      0.0110 (   0.0200)      0.0710 (   0.0031)   8.88e-17   8.88e-17   8.88e-17   ok
   11      0.0089 (   0.0298)      0.0110 (   0.0241)      0.0132 (   0.0200)      0.1384 (   0.0019)   8.07e-17   8.07e-17   8.07e-17   ok
   12      0.0104 (   0.0300)      0.0130 (   0.0241)      0.0156 (   0.0200)      0.1454 (   0.0021)   7.40e-17   7.40e-17   7.40e-17   ok
   13      0.0125 (   0.0291)      0.0153 (   0.0238)      0.0182 (   0.0200)      0.1696 (   0.0021)   6.83e-17   1.37e-16   6.83e-17   ok
   14      0.0146 (   0.0288)      0.0155 (   0.0272)      0.0210 (   0.0200)      0.2202 (   0.0019)   1.27e-16   1.27e-16   1.27e-16   ok
   15      0.0160 (   0.0300)      0.0192 (   0.0250)      0.0240 (   0.0200)      0.1549 (   0.0031)   5.92e-17   5.92e-17   5.92e-17   ok
   16      0.0187 (   0.0291)      0.0219 (   0.0248)      0.0275 (   0.0198)      0.2535 (   0.0021)   1.11e-16   1.11e-16   5.55e-17   ok
   17      0.0197 (   0.0310)      0.0235 (   0.0260)      0.0292 (   0.0210)      0.2852 (   0.0021)   1.04e-16   1.04e-16   2.09e-16   ok
   18      0.0221 (   0.0310)      0.0254 (   0.0269)      0.0322 (   0.0212)      0.2207 (   0.0031)   9.87e-17   9.87e-17   9.87e-17   ok
   19      0.0255 (   0.0298)      0.0292 (   0.0260)      0.0384 (   0.0198)      0.2452 (   0.0031)   1.40e-16   9.35e-17   1.40e-16   ok
   20      0.0280 (   0.0300)      0.0309 (   0.0272)      0.0400 (   0.0210)      0.2710 (   0.0031)   8.88e-17   8.88e-17   8.88e-17   ok
   21      0.0308 (   0.0300)      0.0356 (   0.0260)      0.0440 (   0.0210)      0.4844 (   0.0019)   8.46e-17   1.27e-16   1.69e-16   ok
   22      0.0337 (   0.0300)      0.0372 (   0.0272)      0.0505 (   0.0200)      0.3537 (   0.0029)   8.07e-17   8.07e-17   8.07e-17   ok
   23      0.0356 (   0.0310)      0.0406 (   0.0272)      0.0526 (   0.0210)      0.3562 (   0.0031)   7.72e-17   1.16e-16   1.16e-16   ok
   24      0.0399 (   0.0300)      0.0445 (   0.0269)      0.0572 (   0.0210)      0.5592 (   0.0021)   1.11e-16   7.40e-17   1.11e-16   ok
   25      0.0419 (   0.0310)      0.0483 (   0.0269)      0.0483 (   0.0269)      0.4194 (   0.0031)   1.42e-16   1.42e-16   7.11e-17   ok
   26      0.0467 (   0.0300)      0.0521 (   0.0269)      0.0633 (   0.0222)      0.4530 (   0.0031)   1.37e-16   1.37e-16   1.37e-16   ok
   27      0.0488 (   0.0310)      0.0561 (   0.0269)      0.0682 (   0.0222)      0.4878 (   0.0031)   1.32e-16   1.32e-16   1.32e-16   ok
   28      0.0524 (   0.0310)      0.0577 (   0.0281)      0.0774 (   0.0210)      0.8514 (   0.0019)   1.90e-16   1.27e-16   1.27e-16   ok
   29      0.0561 (   0.0310)      0.0624 (   0.0279)      0.0793 (   0.0219)      0.5614 (   0.0031)   1.84e-16   1.84e-16   1.23e-16   ok
   30      0.0619 (   0.0300)      0.0667 (   0.0279)      0.0887 (   0.0210)      0.6001 (   0.0031)   5.92e-17   1.18e-16   1.18e-16   ok
   31      0.0640 (   0.0310)      0.0705 (   0.0281)      0.0905 (   0.0219)      0.6401 (   0.0031)   1.15e-16   1.15e-16   1.15e-16   ok
   32      0.0603 (   0.0350)      0.0784 (   0.0269)      0.1007 (   0.0210)      0.9843 (   0.0021)   1.67e-16   1.11e-16   1.67e-16   ok
   33      0.0702 (   0.0319)      0.0645 (   0.0348)      0.0980 (   0.0229)      0.7843 (   0.0029)   1.08e-16   1.08e-16   1.08e-16   ok
   34      0.0768 (   0.0310)      0.0723 (   0.0329)      0.1085 (   0.0219)      0.7679 (   0.0031)   2.09e-16   1.57e-16   1.04e-16   ok
   35      0.0789 (   0.0319)      0.0648 (   0.0389)      0.1101 (   0.0229)      0.8130 (   0.0031)   2.03e-16   1.52e-16   1.02e-16   ok
   36      0.0860 (   0.0310)      0.0804 (   0.0331)      0.1152 (   0.0231)      1.2415 (   0.0021)   9.87e-17   9.87e-17   1.48e-16   ok
   37      0.0907 (   0.0310)      0.0855 (   0.0329)      0.1229 (   0.0229)      0.9073 (   0.0031)   9.60e-17   1.44e-16   9.60e-17   ok
   38      0.0956 (   0.0310)      0.0875 (   0.0339)      0.1295 (   0.0229)      1.3813 (   0.0021)   1.87e-16   1.40e-16   1.40e-16   ok
   39      0.1007 (   0.0310)      0.0941 (   0.0331)      0.1349 (   0.0231)      1.0905 (   0.0029)   9.11e-17   1.37e-16   9.11e-17   ok
   40      0.1101 (   0.0298)      0.1019 (   0.0322)      0.1433 (   0.0229)      1.7197 (   0.0019)   1.78e-16   1.33e-16   1.33e-16   ok
   41      0.1146 (   0.0300)      0.1078 (   0.0319)      0.1570 (   0.0219)      1.6050 (   0.0021)   1.30e-16   1.30e-16   1.30e-16   ok
   42      0.1165 (   0.0310)      0.1059 (   0.0341)      0.1443 (   0.0250)      1.8937 (   0.0019)   1.69e-16   1.27e-16   1.27e-16   ok
   43      0.1221 (   0.0310)      0.1150 (   0.0329)      0.1636 (   0.0231)      1.9839 (   0.0019)   2.48e-16   1.24e-16   1.65e-16   ok
   44      0.1318 (   0.0300)      0.1161 (   0.0341)      0.1805 (   0.0219)      1.3841 (   0.0029)   1.61e-16   1.61e-16   1.61e-16   ok
   45      0.1120 (   0.0370)      0.1258 (   0.0329)      0.1887 (   0.0219)      0.8269 (   0.0050)   1.58e-16   1.58e-16   1.58e-16   ok
   46      0.1395 (   0.0310)      0.1353 (   0.0319)      0.1971 (   0.0219)      1.3951 (   0.0031)   1.54e-16   1.54e-16   1.54e-16   ok
   47      0.1502 (   0.0300)      0.1371 (   0.0329)      0.1951 (   0.0231)      1.4557 (   0.0031)   1.51e-16   1.51e-16   1.13e-16   ok
   48      0.1566 (   0.0300)      0.1430 (   0.0329)      0.2145 (   0.0219)      2.1922 (   0.0021)   1.48e-16   1.48e-16   1.48e-16   ok
   49      0.1631 (   0.0300)      0.1534 (   0.0319)      0.2119 (   0.0231)      1.5809 (   0.0031)   1.45e-16   1.45e-16   1.45e-16   ok
   50      0.1698 (   0.0300)      0.1506 (   0.0339)      0.2325 (   0.0219)      1.6455 (   0.0031)   1.42e-16   1.42e-16   1.42e-16   ok
   51      0.1766 (   0.0300)      0.1612 (   0.0329)      0.2418 (   0.0219)      1.7113 (   0.0031)   1.39e-16   1.39e-16   1.39e-16   ok
   52      0.1835 (   0.0300)      0.1583 (   0.0348)      0.2513 (   0.0219)      1.9266 (   0.0029)   2.05e-16   1.37e-16   1.37e-16   ok
   53      0.1847 (   0.0310)      0.1740 (   0.0329)      0.2475 (   0.0231)      1.8468 (   0.0031)   1.34e-16   2.01e-16   1.34e-16   ok
   54      0.1859 (   0.0319)      0.1695 (   0.0350)      0.2491 (   0.0238)      1.4655 (   0.0041)   1.32e-16   1.32e-16   1.32e-16   ok
   55      0.1928 (   0.0319)      0.1711 (   0.0360)      0.2558 (   0.0241)      1.5198 (   0.0041)   1.94e-16   1.94e-16   1.29e-16   ok
   56      0.1998 (   0.0319)      0.1886 (   0.0339)      0.2760 (   0.0231)      1.5751 (   0.0041)   1.90e-16   1.27e-16   1.27e-16   ok
   57      0.2070 (   0.0319)      0.1953 (   0.0339)      0.2773 (   0.0238)      1.7333 (   0.0038)   1.25e-16   1.87e-16   1.87e-16   ok
   58      0.2126 (   0.0322)      0.1901 (   0.0360)      0.2990 (   0.0229)      1.6886 (   0.0041)   1.23e-16   1.23e-16   1.23e-16   ok
   59      0.2200 (   0.0322)      0.2020 (   0.0350)      0.2940 (   0.0241)      1.4141 (   0.0050)   1.20e-16   1.81e-16   1.20e-16   ok
   60      0.2291 (   0.0319)      0.2089 (   0.0350)      0.3040 (   0.0241)      1.8060 (   0.0041)   1.18e-16   1.18e-16   1.78e-16   ok
   61      0.2440 (   0.0310)      0.2101 (   0.0360)      0.2808 (   0.0269)      1.5107 (   0.0050)   1.75e-16   2.33e-16   2.91e-16   ok
   62      0.2520 (   0.0310)      0.2170 (   0.0360)      0.3244 (   0.0241)      1.5603 (   0.0050)   1.72e-16   1.15e-16   1.72e-16   ok
   63      0.2524 (   0.0319)      0.2301 (   0.0350)      0.3382 (   0.0238)      1.3529 (   0.0060)   1.13e-16   1.69e-16   2.26e-16   ok
   64      0.2684 (   0.0310)      0.2458 (   0.0339)      0.3490 (   0.0238)      2.1810 (   0.0038)   2.22e-16   1.67e-16   1.11e-16   ok
   65      0.2322 (   0.0370)      0.2322 (   0.0370)      0.3427 (   0.0250)      1.7137 (   0.0050)   2.73e-16   2.19e-16   3.28e-16   ok
   66      0.2457 (   0.0360)      0.2393 (   0.0370)      0.3533 (   0.0250)      1.7664 (   0.0050)   1.61e-16   2.15e-16   2.15e-16   ok
   67      0.2466 (   0.0370)      0.2531 (   0.0360)      0.3506 (   0.0260)      1.8199 (   0.0050)   1.59e-16   1.59e-16   1.59e-16   ok
   68      0.2607 (   0.0360)      0.2539 (   0.0370)      0.3611 (   0.0260)      2.3153 (   0.0041)   1.57e-16   2.09e-16   2.09e-16   ok
   69      0.2614 (   0.0370)      0.2614 (   0.0370)      0.3717 (   0.0260)      1.9294 (   0.0050)   2.06e-16   2.06e-16   2.06e-16   ok
   70      0.2690 (   0.0370)      0.2690 (   0.0370)      0.3825 (   0.0260)      1.6677 (   0.0060)   1.52e-16   2.03e-16   2.03e-16   ok
   71      0.2767 (   0.0370)      0.2767 (   0.0370)      0.3934 (   0.0260)      1.7153 (   0.0060)   3.00e-16   2.50e-16   2.50e-16   ok
   72      0.2845 (   0.0370)      0.2826 (   0.0372)      0.3868 (   0.0272)      1.7636 (   0.0060)   1.48e-16   1.48e-16   9.87e-17   ok
   73      0.2924 (   0.0370)      0.3001 (   0.0360)      0.4157 (   0.0260)      2.1579 (   0.0050)   1.46e-16   1.46e-16   1.46e-16   ok
   74      0.3083 (   0.0360)      0.3083 (   0.0360)      0.4271 (   0.0260)      1.7906 (   0.0062)   2.40e-16   2.88e-16   2.40e-16   ok
   75      0.3065 (   0.0372)      0.3085 (   0.0370)      0.4231 (   0.0269)      1.9126 (   0.0060)   1.42e-16   1.42e-16   1.42e-16   ok
   76      0.3251 (   0.0360)      0.3339 (   0.0350)      0.4675 (   0.0250)      1.9636 (   0.0060)   1.40e-16   1.87e-16   1.40e-16   ok
   77      0.3337 (   0.0360)      0.3337 (   0.0360)      0.4798 (   0.0250)      2.0153 (   0.0060)   1.85e-16   1.85e-16   2.31e-16   ok
   78      0.3516 (   0.0350)      0.3423 (   0.0360)      0.4742 (   0.0260)      1.7230 (   0.0072)   2.28e-16   1.37e-16   1.37e-16   ok
   79      0.3511 (   0.0360)      0.3607 (   0.0350)      0.5049 (   0.0250)      2.0391 (   0.0062)   1.80e-16   1.80e-16   1.80e-16   ok
   80      0.3600 (   0.0360)      0.3698 (   0.0350)      0.5227 (   0.0248)      2.1743 (   0.0060)   1.78e-16   1.33e-16   1.78e-16   ok
   81      0.3690 (   0.0360)      0.3816 (   0.0348)      0.5112 (   0.0260)      2.2287 (   0.0060)   1.75e-16   1.75e-16   1.75e-16   ok
   82      0.3683 (   0.0370)      0.3683 (   0.0370)      0.5238 (   0.0260)      1.9687 (   0.0069)   2.60e-16   2.60e-16   2.60e-16   ok
   83      0.3773 (   0.0370)      0.3773 (   0.0370)      0.5366 (   0.0260)      2.7850 (   0.0050)   1.71e-16   2.57e-16   1.71e-16   ok
   84      0.3864 (   0.0370)      0.3864 (   0.0370)      0.5495 (   0.0260)      1.9965 (   0.0072)   1.69e-16   1.69e-16   1.69e-16   ok
   85      0.4061 (   0.0360)      0.3931 (   0.0372)      0.5626 (   0.0260)      2.4528 (   0.0060)   2.51e-16   2.51e-16   2.51e-16   ok
   86      0.4049 (   0.0370)      0.3923 (   0.0381)      0.5758 (   0.0260)      2.1643 (   0.0069)   2.07e-16   2.07e-16   1.65e-16   ok
   87      0.4143 (   0.0370)      0.4039 (   0.0379)      0.5892 (   0.0260)      1.8889 (   0.0081)   2.04e-16   2.04e-16   2.04e-16   ok
   88      0.4351 (   0.0360)      0.4106 (   0.0381)      0.6027 (   0.0260)      2.2655 (   0.0069)   2.02e-16   1.61e-16   1.21e-16   ok
   89      0.4335 (   0.0370)      0.4200 (   0.0381)      0.6164 (   0.0260)      2.3170 (   0.0069)   2.00e-16   3.19e-16   1.60e-16   ok
   90      0.4432 (   0.0370)      0.4321 (   0.0379)      0.6303 (   0.0260)      2.3691 (   0.0069)   1.58e-16   2.37e-16   2.37e-16   ok
  100      0.5198 (   0.0389)      0.5166 (   0.0391)      0.6945 (   0.0291)      3.3890 (   0.0060)   2.13e-16   1.42e-16   2.13e-16   ok
  110      0.6284 (   0.0389)      0.6245 (   0.0391)      0.8395 (   0.0291)      2.7682 (   0.0088)   3.23e-16   3.23e-16   3.23e-16   ok
  120      0.7661 (   0.0379)      0.7294 (   0.0398)      0.9984 (   0.0291)      2.9001 (   0.0100)   3.55e-16   4.74e-16   3.55e-16   ok
  130      0.8117 (   0.0420)      0.8306 (   0.0410)      1.1710 (   0.0291)      2.8572 (   0.0119)   3.28e-16   2.19e-16   2.73e-16   ok
  140      0.9149 (   0.0432)      0.9627 (   0.0410)      1.3142 (   0.0300)      3.5998 (   0.0110)   4.06e-16   4.06e-16   3.55e-16   ok
  150      1.0556 (   0.0429)      1.0735 (   0.0422)      1.5080 (   0.0300)      0.8520 (   0.0532)   1.42e-16   1.42e-16   1.42e-16   ok
  160      1.2278 (   0.0420)      1.2563 (   0.0410)      1.7150 (   0.0300)      1.2005 (   0.0429)   1.78e-16   1.33e-16   1.33e-16   ok
  170      1.2902 (   0.0451)      1.3253 (   0.0439)      1.7671 (   0.0329)      2.3224 (   0.0250)   1.67e-16   1.67e-16   1.67e-16   ok
  180      1.4460 (   0.0451)      1.4460 (   0.0451)      1.9112 (   0.0341)      2.2402 (   0.0291)   1.58e-16   1.58e-16   1.58e-16   ok
  190      1.6107 (   0.0451)      1.6107 (   0.0451)      2.1288 (   0.0341)      2.6019 (   0.0279)   2.24e-16   1.50e-16   1.50e-16   ok
  200      1.6058 (   0.0501)      1.7031 (   0.0472)      2.2333 (   0.0360)      1.6777 (   0.0479)   2.13e-16   1.42e-16   1.42e-16   ok
  210      1.7700 (   0.0501)      1.9259 (   0.0460)      2.4616 (   0.0360)      2.5459 (   0.0348)   2.03e-16   2.03e-16   1.35e-16   ok
  220      1.9515 (   0.0498)      2.0703 (   0.0470)      2.7010 (   0.0360)      3.0437 (   0.0319)   1.94e-16   1.94e-16   1.29e-16   ok
  230      2.1223 (   0.0501)      2.2624 (   0.0470)      2.8754 (   0.0370)      2.1325 (   0.0498)   1.85e-16   1.85e-16   1.85e-16   ok
  240      2.3105 (   0.0501)      2.4139 (   0.0479)      3.0325 (   0.0381)      3.1102 (   0.0372)   1.78e-16   1.78e-16   1.18e-16   ok
  250      2.4597 (   0.0510)      2.5186 (   0.0498)      3.2899 (   0.0381)      3.3960 (   0.0370)   1.71e-16   1.71e-16   2.27e-16   ok
  260      2.4223 (   0.0560)      2.6601 (   0.0510)      3.3884 (   0.0401)      2.6601 (   0.0510)   2.19e-16   1.64e-16   1.09e-16   ok
  270      2.4454 (   0.0598)      2.5682 (   0.0570)      3.0537 (   0.0479)      3.7426 (   0.0391)   1.58e-16   2.11e-16   1.58e-16   ok
  280      2.8086 (   0.0560)      3.0842 (   0.0510)      3.4198 (   0.0460)      4.4899 (   0.0350)   1.52e-16   1.52e-16   1.52e-16   ok
  290      2.7227 (   0.0620)      2.9132 (   0.0579)      3.4532 (   0.0489)      2.6317 (   0.0641)   2.45e-16   1.96e-16   1.96e-16   ok
  300      2.9134 (   0.0620)      3.0668 (   0.0589)      3.6951 (   0.0489)      4.0079 (   0.0451)   1.89e-16   1.42e-16   1.89e-16   ok
  310      3.0634 (   0.0629)      3.2093 (   0.0601)      3.9451 (   0.0489)      4.1904 (   0.0460)   2.29e-16   2.29e-16   2.29e-16   ok
  320      3.4194 (   0.0601)      3.4886 (   0.0589)      4.2870 (   0.0479)      2.8532 (   0.0720)   1.78e-16   1.78e-16   1.78e-16   ok
  330      3.2038 (   0.0682)      3.5792 (   0.0610)      4.2817 (   0.0510)      4.3633 (   0.0501)   2.15e-16   1.72e-16   2.15e-16   ok
  340      3.1373 (   0.0739)      3.7407 (   0.0620)      4.5447 (   0.0510)      4.3810 (   0.0529)   1.67e-16   2.51e-16   2.09e-16   ok
  350      3.7204 (   0.0660)      3.9636 (   0.0620)      4.8156 (   0.0510)      4.3853 (   0.0560)   1.62e-16   1.62e-16   1.62e-16   ok
  360      3.8252 (   0.0679)      4.1295 (   0.0629)      4.9107 (   0.0529)      3.2159 (   0.0808)   1.58e-16   2.37e-16   1.97e-16   ok
  370      3.9707 (   0.0691)      4.2807 (   0.0641)      5.1870 (   0.0529)      4.5877 (   0.0598)   1.54e-16   2.30e-16   2.30e-16   ok
  380      4.2614 (   0.0679)      4.6712 (   0.0620)      5.6752 (   0.0510)      4.9170 (   0.0589)   2.24e-16   2.24e-16   2.24e-16   ok
  390      4.1131 (   0.0741)      4.6856 (   0.0651)      5.7621 (   0.0529)      3.4666 (   0.0880)   2.19e-16   2.19e-16   2.19e-16   ok
  400      4.6398 (   0.0691)      5.3394 (   0.0601)      6.1722 (   0.0520)      5.1751 (   0.0620)   2.13e-16   2.13e-16   2.84e-16   ok
  410      4.6195 (   0.0730)      5.1031 (   0.0660)      5.9145 (   0.0570)      5.0305 (   0.0670)   2.77e-16   2.08e-16   2.08e-16   ok
  420      4.3626 (   0.0811)      5.1324 (   0.0689)      5.9809 (   0.0591)      3.6444 (   0.0970)   2.03e-16   2.71e-16   2.03e-16   ok
  430      4.9354 (   0.0751)      5.3609 (   0.0691)      6.0729 (   0.0610)      5.3609 (   0.0691)   1.98e-16   2.64e-16   1.98e-16   ok
  440      5.0394 (   0.0770)      5.4622 (   0.0710)      6.3583 (   0.0610)      5.3898 (   0.0720)   1.94e-16   1.94e-16   1.94e-16   ok
  450      4.7160 (   0.0861)      5.4918 (   0.0739)      6.5480 (   0.0620)      3.8692 (   0.1049)   1.89e-16   1.89e-16   1.89e-16   ok
  460      5.1117 (   0.0830)      5.8134 (   0.0730)      6.3306 (   0.0670)      5.3743 (   0.0789)   2.47e-16   1.85e-16   1.85e-16   ok
  470      5.3982 (   0.0820)      5.9140 (   0.0749)      6.6085 (   0.0670)      5.5267 (   0.0801)   2.42e-16   1.81e-16   2.42e-16   ok
  480      5.6301 (   0.0820)      6.3293 (   0.0730)      6.9919 (   0.0660)      4.0518 (   0.1140)   2.37e-16   2.37e-16   2.37e-16   ok
  490      5.3392 (   0.0901)      6.1719 (   0.0780)      6.5955 (   0.0730)      5.6533 (   0.0851)   2.32e-16   2.32e-16   1.74e-16   ok
  500      5.7571 (   0.0870)      6.4261 (   0.0780)      6.5057 (   0.0770)      5.5009 (   0.0911)   2.27e-16   2.84e-16   1.71e-16   ok
  510      6.0558 (   0.0861)      6.5258 (   0.0799)      7.2389 (   0.0720)      6.0558 (   0.0861)   2.23e-16   2.23e-16   2.23e-16   ok
  520      6.0123 (   0.0901)      6.6065 (   0.0820)      7.2147 (   0.0751)      4.3705 (   0.1240)   2.19e-16   2.19e-16   2.19e-16   ok
  530      6.1161 (   0.0920)      6.8628 (   0.0820)      7.3090 (   0.0770)      5.8581 (   0.0961)   2.15e-16   2.68e-16   2.15e-16   ok
  540      6.3488 (   0.0920)      7.1240 (   0.0820)      7.1240 (   0.0820)      5.9626 (   0.0980)   2.63e-16   2.63e-16   1.58e-16   ok
  550      6.2461 (   0.0970)      7.0616 (   0.0858)      7.2016 (   0.0842)      5.8307 (   0.1040)   2.58e-16   2.58e-16   2.07e-16   ok
  560      6.4910 (   0.0968)      7.3820 (   0.0851)      7.8668 (   0.0799)      6.1004 (   0.1030)   2.03e-16   2.03e-16   3.05e-16   ok
  570      6.7082 (   0.0970)      4.9731 (   0.1309)      7.7564 (   0.0839)      6.2620 (   0.1040)   2.99e-16   1.99e-16   1.99e-16   ok
  580      6.7465 (   0.0999)      7.6607 (   0.0880)      8.0079 (   0.0842)      6.4835 (   0.1040)   2.94e-16   1.96e-16   1.96e-16   ok
  590      6.8342 (   0.1020)      7.8419 (   0.0889)      8.2164 (   0.0849)      6.1709 (   0.1130)   2.89e-16   2.89e-16   2.89e-16   ok
  600      7.0676 (   0.1020)      7.9187 (   0.0911)      8.5936 (   0.0839)      6.5617 (   0.1099)   2.37e-16   2.37e-16   1.89e-16   ok
  610      7.0259 (   0.1061)      7.8359 (   0.0951)      8.5658 (   0.0870)      6.5960 (   0.1130)   2.80e-16   1.86e-16   2.33e-16   ok
  620      7.3404 (   0.1049)      8.1150 (   0.0949)      8.7528 (   0.0880)      6.6869 (   0.1152)   2.29e-16   1.83e-16   2.75e-16   ok
  630      7.4436 (   0.1068)      8.3577 (   0.0951)      8.8220 (   0.0901)      6.6297 (   0.1199)   2.71e-16   2.26e-16   2.71e-16   ok
  640      7.7334 (   0.1061)      8.5606 (   0.0958)      8.9154 (   0.0920)      6.4687 (   0.1268)   2.66e-16   2.66e-16   3.11e-16   ok
  650      7.6173 (   0.1111)      8.6366 (   0.0980)      9.1960 (   0.0920)      6.7228 (   0.1259)   2.62e-16   2.62e-16   2.62e-16   ok
  660      7.6561 (   0.1140)      8.7971 (   0.0992)      9.3836 (   0.0930)      6.4204 (   0.1359)   2.58e-16   2.58e-16   2.15e-16   ok
  670      7.7598 (   0.1159)      8.9155 (   0.1009)      9.2888 (   0.0968)      6.6163 (   0.1359)   2.55e-16   2.55e-16   2.55e-16   ok
  680      7.9277 (   0.1168)      9.0762 (   0.1020)      9.8594 (   0.0939)      7.1146 (   0.1302)   2.51e-16   2.51e-16   2.51e-16   ok
  690      8.1458 (   0.1171)      9.3449 (   0.1020)      9.9246 (   0.0961)      6.7561 (   0.1411)   3.30e-16   3.30e-16   2.47e-16   ok
  700      8.2491 (   0.1190)      9.2709 (   0.1059)      9.8007 (   0.1001)      6.8150 (   0.1440)   2.44e-16   2.44e-16   3.25e-16   ok
  710      8.3524 (   0.1209)      9.5161 (   0.1061)     10.0825 (   0.1001)      7.0578 (   0.1431)   2.40e-16   2.40e-16   2.40e-16   ok
  720      8.7268 (   0.1190)     10.0803 (   0.1030)     10.3683 (   0.1001)      7.1623 (   0.1450)   2.37e-16   2.37e-16   2.37e-16   ok
  730      8.6085 (   0.1240)     10.0594 (   0.1061)      9.9697 (   0.1070)      7.1623 (   0.1490)   2.34e-16   3.11e-16   2.34e-16   ok
  740      8.8458 (   0.1240)     10.1541 (   0.1080)     10.3367 (   0.1061)      7.2211 (   0.1519)   3.07e-16   3.07e-16   2.30e-16   ok
  750      8.9317 (   0.1261)     10.4302 (   0.1080)     10.4533 (   0.1078)      7.3141 (   0.1540)   3.03e-16   3.79e-16   3.79e-16   ok
  760      9.0516 (   0.1278)     10.7100 (   0.1080)     10.8054 (   0.1070)      7.3733 (   0.1569)   2.99e-16   2.24e-16   2.24e-16   ok
  770      9.2739 (   0.1280)     10.8027 (   0.1099)     10.7794 (   0.1101)      7.4776 (   0.1588)   2.95e-16   2.95e-16   2.95e-16   ok
  780      9.5161 (   0.1280)     10.9896 (   0.1109)     10.9896 (   0.1109)      7.5706 (   0.1609)   2.19e-16   2.19e-16   2.19e-16   ok
  790      9.6007 (   0.1302)     11.2488 (   0.1111)     11.1769 (   0.1118)      7.5315 (   0.1659)   2.88e-16   2.16e-16   2.88e-16   ok
  800      9.7735 (   0.1311)     11.2456 (   0.1140)     11.6603 (   0.1099)      7.4452 (   0.1721)   2.84e-16   2.84e-16   3.55e-16   ok
  810     10.0375 (   0.1309)     11.6257 (   0.1130)     11.3153 (   0.1161)      7.5487 (   0.1740)   2.81e-16   2.81e-16   2.11e-16   ok
  820     10.1208 (   0.1330)     11.2274 (   0.1199)     12.0157 (   0.1121)      7.8327 (   0.1719)   2.77e-16   2.77e-16   2.77e-16   ok
  830     10.2952 (   0.1340)     12.1043 (   0.1140)     11.8806 (   0.1161)      7.5831 (   0.1819)   2.74e-16   2.74e-16   2.74e-16   ok
  840     10.3062 (   0.1371)     12.2693 (   0.1152)     12.3976 (   0.1140)      7.9331 (   0.1781)   2.71e-16   3.38e-16   2.71e-16   ok
  850     10.4800 (   0.1380)     12.3582 (   0.1171)     11.8514 (   0.1221)      8.2221 (   0.1760)   2.67e-16   2.67e-16   2.67e-16   ok
  860     10.7279 (   0.1380)     12.6506 (   0.1171)     12.4478 (   0.1190)      7.9634 (   0.1860)   2.64e-16   2.64e-16   2.64e-16   ok
  870     10.6655 (   0.1421)     12.7387 (   0.1190)     12.6374 (   0.1199)      7.9359 (   0.1910)   3.27e-16   3.27e-16   3.92e-16   ok
  880     10.8392 (   0.1431)     13.0331 (   0.1190)     13.0331 (   0.1190)      8.0689 (   0.1922)   3.23e-16   2.58e-16   2.58e-16   ok
  890     11.2366 (   0.1411)     13.2248 (   0.1199)     12.8916 (   0.1230)      8.2635 (   0.1919)   3.19e-16   2.55e-16   2.55e-16   ok
  900     11.9339 (   0.1359)     14.2308 (   0.1140)     14.6286 (   0.1109)      8.4817 (   0.1912)   2.53e-16   2.53e-16   2.53e-16   ok
 1000     13.2445 (   0.1512)     15.7542 (   0.1271)     15.4073 (   0.1299)      8.8951 (   0.2251)   2.84e-16   2.84e-16   2.84e-16   ok
 1100     14.0130 (   0.1729)     17.6994 (   0.1369)     11.1154 (   0.2179)      9.0387 (   0.2680)   3.10e-16   3.10e-16   3.10e-16   ok
 1200     15.5795 (   0.1850)     19.6261 (   0.1469)     11.6247 (   0.2480)     10.9112 (   0.2642)   3.32e-16   2.84e-16   2.84e-16   ok
 1300     17.0116 (   0.1988)     21.0187 (   0.1609)     12.8163 (   0.2639)     10.3409 (   0.3271)   3.50e-16   2.62e-16   3.06e-16   ok
 1400     18.6758 (   0.2100)     23.3713 (   0.1678)     14.1110 (   0.2780)     14.0627 (   0.2789)   3.25e-16   3.25e-16   3.25e-16   ok
 1500     19.9229 (   0.2260)     25.1491 (   0.1791)     14.9659 (   0.3009)     11.2623 (   0.3998)   3.79e-16   3.03e-16   3.79e-16   ok
 1600     21.6180 (   0.2370)     26.9614 (   0.1900)     16.2667 (   0.3150)     14.5980 (   0.3510)   3.55e-16   3.55e-16   3.55e-16   ok
 1700     22.7768 (   0.2539)     28.3380 (   0.2041)     17.3143 (   0.3340)     13.7358 (   0.4210)   3.34e-16   3.34e-16   4.01e-16   ok
 1800     24.1941 (   0.2680)     30.7279 (   0.2110)     18.2145 (   0.3560)     15.8937 (   0.4079)   3.79e-16   3.79e-16   3.79e-16   ok
 1900     25.2490 (   0.2861)     31.5284 (   0.2291)     19.2129 (   0.3760)     13.6851 (   0.5279)   3.59e-16   3.59e-16   2.99e-16   ok
 2000     27.1392 (   0.2949)     34.7888 (   0.2301)     20.7358 (   0.3860)     16.5702 (   0.4830)   3.98e-16   4.55e-16   3.41e-16   ok
 2100     28.2962 (   0.3119)     35.4176 (   0.2491)     15.3447 (   0.5751)     15.6232 (   0.5648)   4.33e-16   3.25e-16   3.25e-16   ok
 2200     29.2646 (   0.3309)     36.3972 (   0.2661)     16.0614 (   0.6030)     13.8161 (   0.7010)   5.17e-16   3.62e-16   3.62e-16   ok
 2300     30.8513 (   0.3431)     37.6868 (   0.2809)     16.6461 (   0.6359)     13.7616 (   0.7691)   3.95e-16   4.45e-16   3.95e-16   ok
 2400     33.3139 (   0.3459)     40.5865 (   0.2840)     17.7585 (   0.6490)     13.8545 (   0.8318)   4.26e-16   4.26e-16   3.79e-16   ok
 2500     34.2585 (   0.3650)     41.5608 (   0.3009)     18.3905 (   0.6800)     16.0544 (   0.7789)   4.55e-16   4.09e-16   4.09e-16   ok
 2600     35.4112 (   0.3819)     43.9077 (   0.3080)     19.0749 (   0.7091)     15.5806 (   0.8681)   5.25e-16   3.94e-16   4.81e-16   ok
 2700     36.0918 (   0.4041)     43.4177 (   0.3359)     19.6264 (   0.7432)     15.6499 (   0.9320)   4.21e-16   4.21e-16   4.63e-16   ok
 2800     37.1696 (   0.4220)     44.0363 (   0.3562)     20.1132 (   0.7799)     16.3049 (   0.9620)   4.06e-16   4.47e-16   4.06e-16   ok
 2900     38.1679 (   0.4408)     46.3378 (   0.3631)     20.8794 (   0.8059)     16.3970 (   1.0262)   5.49e-16   4.70e-16   4.70e-16   ok
 3000     39.4786 (   0.4561)     47.2607 (   0.3810)     21.7456 (   0.8280)     16.4430 (   1.0951)   5.31e-16   4.55e-16   5.31e-16   ok
 3100     41.6962 (   0.4611)     50.2120 (   0.3829)     17.4622 (   1.1010)      3.0891 (   6.2239)   5.13e-16   5.13e-16   5.87e-16   ok
 3200     42.2449 (   0.4849)     50.8439 (   0.4029)     18.0973 (   1.1320)     15.2082 (   1.3471)   4.97e-16   4.97e-16   5.68e-16   ok
 3300     44.3806 (   0.4909)     52.3665 (   0.4160)     18.7330 (   1.1630)     15.6526 (   1.3919)   4.82e-16   4.82e-16   4.82e-16   ok
 3400     45.3487 (   0.5100)     53.0349 (   0.4361)     19.2424 (   1.2019)     15.3143 (   1.5101)   5.35e-16   4.68e-16   5.35e-16   ok
 3500     45.4621 (   0.5391)     54.8212 (   0.4470)     19.8283 (   1.2360)     15.1652 (   1.6160)   5.20e-16   5.85e-16   5.20e-16   ok
 3600     46.9748 (   0.5519)     56.8758 (   0.4559)     20.3189 (   1.2760)     15.4689 (   1.6761)   5.68e-16   4.42e-16   4.42e-16   ok
 3700     47.6248 (   0.5751)     56.0074 (   0.4890)     20.6863 (   1.3239)     16.9052 (   1.6201)   6.76e-16   6.15e-16   5.53e-16   ok
 3800     48.8956 (   0.5908)     59.0753 (   0.4890)     21.1491 (   1.3659)     16.4134 (   1.7600)   5.39e-16   5.98e-16   4.79e-16   ok
 3900     49.4856 (   0.6149)     57.8529 (   0.5260)     21.7973 (   1.3959)      4.8615 (   6.2590)   4.66e-16   6.41e-16   4.66e-16   ok
 4000     48.8720 (   0.6549)     60.0408 (   0.5331)     22.2270 (   1.4400)     14.3861 (   2.2249)   5.12e-16   5.68e-16   5.12e-16   ok
 4100     48.4531 (   0.6940)     61.4851 (   0.5469)     18.2869 (   1.8389)     16.9162 (   1.9879)   4.99e-16   5.55e-16   5.55e-16   ok
 4200     48.3536 (   0.7298)     64.3803 (   0.5481)     19.0538 (   1.8520)      9.4836 (   3.7210)   7.04e-16   5.41e-16   4.87e-16   ok
 4300     48.6184 (   0.7608)     63.3489 (   0.5839)     19.5392 (   1.8930)     15.9365 (   2.3210)   6.35e-16   6.35e-16   4.76e-16   ok
 4400     49.4040 (   0.7839)     65.0803 (   0.5951)     19.9338 (   1.9429)     17.9294 (   2.1601)   5.68e-16   5.17e-16   5.68e-16   ok
 4500     50.1349 (   0.8080)     63.6118 (   0.6368)     20.3970 (   1.9860)     15.3512 (   2.6388)   6.06e-16   6.57e-16   5.56e-16   ok
 4600     51.3571 (   0.8242)     65.3207 (   0.6480)     20.8529 (   2.0299)      6.2590 (   6.7630)   4.94e-16   6.43e-16   5.93e-16   ok
 4700     50.6819 (   0.8719)     65.7714 (   0.6719)     21.2965 (   2.0750)      3.7332 (  11.8370)   5.81e-16   5.32e-16   5.81e-16   ok
 4800     50.8186 (   0.9069)     65.9549 (   0.6988)     21.6574 (   2.1281)     12.9393 (   3.5620)   6.16e-16   5.68e-16   5.68e-16   ok
 4900     50.7179 (   0.9470)     66.4199 (   0.7231)     22.0310 (   2.1801)      2.2890 (  20.9830)   6.50e-16   6.50e-16   6.03e-16   ok
 5000     51.3985 (   0.9730)     66.3369 (   0.7539)     22.4772 (   2.2249)     20.4641 (   2.4438)   6.37e-16   5.46e-16   6.37e-16   ok
 5100     52.2332 (   0.9961)     66.1906 (   0.7861)     22.8394 (   2.2781)     16.6068 (   3.1331)   8.47e-16   7.58e-16   6.24e-16   ok
 5200     52.2625 (   1.0350)     67.1019 (   0.8061)     19.8714 (   2.7220)     19.3378 (   2.7971)   7.00e-16   6.12e-16   7.43e-16   ok
 5300     52.7131 (   1.0660)     66.3515 (   0.8469)     20.1833 (   2.7840)     19.3561 (   2.9030)   6.44e-16   6.44e-16   6.01e-16   ok
 5400     52.5015 (   1.1110)     67.9226 (   0.8588)     20.4820 (   2.8479)     16.1001 (   3.6230)   8.42e-16   6.74e-16   7.58e-16   ok
 5500     53.0411 (   1.1408)     67.6083 (   0.8950)     20.8513 (   2.9020)     16.9359 (   3.5729)   8.27e-16   6.61e-16   6.61e-16   ok
 5600     54.2726 (   1.1559)     67.0183 (   0.9360)     21.2858 (   2.9471)     16.6972 (   3.7570)   7.31e-16   6.50e-16   7.31e-16   ok
 5700     54.2044 (   1.1990)     67.6915 (   0.9601)     21.5047 (   3.0222)     20.7044 (   3.1390)   7.18e-16   6.38e-16   5.58e-16   ok
 5800     53.9246 (   1.2479)     67.0248 (   1.0040)     21.8132 (   3.0849)     15.5018 (   4.3409)   7.84e-16   7.84e-16   7.84e-16   ok
 5900     55.1363 (   1.2629)     66.4370 (   1.0481)     22.1759 (   3.1400)     20.0906 (   3.4659)   7.71e-16   7.71e-16   6.94e-16   ok
 6000     54.5889 (   1.3192)     66.9267 (   1.0760)     22.5605 (   3.1919)     16.4036 (   4.3900)   6.82e-16   6.82e-16   6.06e-16   ok
 6100     55.2258 (   1.3478)     67.9120 (   1.0960)     22.7495 (   3.2718)      3.0494 (  24.4091)   7.45e-16   6.71e-16   7.45e-16   ok
 6200     55.7590 (   1.3790)     67.0918 (   1.1461)     20.1922 (   3.8080)     21.2948 (   3.6108)   8.07e-16   7.33e-16   6.60e-16   ok
 6300     56.2304 (   1.4119)     67.1094 (   1.1830)     20.6638 (   3.8421)     21.4975 (   3.6931)   8.66e-16   7.22e-16   8.66e-16   ok
 6400     57.0186 (   1.4369)     66.4445 (   1.2331)     20.8223 (   3.9349)     20.8741 (   3.9251)   7.11e-16   8.53e-16   7.11e-16   ok
 6500     57.2192 (   1.4770)     67.9849 (   1.2431)     21.0445 (   4.0159)     12.8890 (   6.5570)   7.70e-16   8.40e-16   7.70e-16   ok
 6600     57.8173 (   1.5070)     68.6703 (   1.2689)     21.4034 (   4.0710)     21.3409 (   4.0829)   8.27e-16   7.58e-16   6.89e-16   ok
 6700     57.7817 (   1.5540)     68.1913 (   1.3168)     21.6523 (   4.1471)     16.8187 (   5.3389)   8.14e-16   7.47e-16   6.79e-16   ok
 6800     57.7043 (   1.6029)     68.0130 (   1.3599)     22.0274 (   4.1990)     20.9508 (   4.4148)   7.36e-16   6.69e-16   6.69e-16   ok
 6900     58.5688 (   1.6260)     67.8281 (   1.4040)     22.1370 (   4.3020)     16.1985 (   5.8792)   7.25e-16   7.25e-16   7.25e-16   ok
 7000     58.4116 (   1.6780)     68.6426 (   1.4279)     22.5532 (   4.3459)     19.9981 (   4.9012)   8.45e-16   8.45e-16   8.45e-16   ok
 7100     58.1186 (   1.7350)     68.6351 (   1.4691)     22.8339 (   4.4160)     17.6008 (   5.7290)   7.69e-16   8.97e-16   7.69e-16   ok
 7200     59.8412 (   1.7328)     68.5787 (   1.5121)     20.3369 (   5.0988)     18.8606 (   5.4979)   7.58e-16   9.47e-16   8.21e-16   ok
 7300     60.1898 (   1.7710)     68.8573 (   1.5481)     20.7794 (   5.1298)     17.1155 (   6.2280)   8.72e-16   9.34e-16   8.10e-16   ok
 7400     60.0552 (   1.8239)     68.7655 (   1.5929)     21.0272 (   5.2092)     14.0754 (   7.7820)   7.37e-16   8.60e-16   7.37e-16   ok
 7500     60.2018 (   1.8690)     69.1157 (   1.6279)     21.3221 (   5.2769)      9.1557 (  12.2890)   8.49e-16   8.49e-16   6.67e-16   ok
 7600     61.1624 (   1.8890)     69.6050 (   1.6599)     21.6238 (   5.3430)     16.5853 (   6.9661)   8.38e-16   7.78e-16   7.78e-16   ok
 7700     60.8174 (   1.9500)     69.3953 (   1.7090)     21.8773 (   5.4209)     21.5793 (   5.4958)   9.45e-16   7.68e-16   8.86e-16   ok
 7800     61.0633 (   1.9929)     69.4649 (   1.7519)     22.0421 (   5.5211)     21.9115 (   5.5540)   8.16e-16   7.58e-16   7.00e-16   ok
 7900     60.3921 (   2.0671)     69.5536 (   1.7948)     22.2922 (   5.6000)     16.9088 (   7.3829)   8.63e-16   8.63e-16   6.91e-16   ok
 8000     59.9864 (   2.1341)     69.1574 (   1.8511)     22.1793 (   5.7719)     18.2906 (   6.9990)   8.53e-16   8.53e-16   7.39e-16   ok
 8100     60.5350 (   2.1679)     70.5156 (   1.8611)     22.8799 (   5.7359)     18.5911 (   7.0591)   7.86e-16   7.86e-16   6.74e-16   ok
 8200     60.8280 (   2.2111)     70.6385 (   1.9040)     20.5022 (   6.5601)     20.6093 (   6.5260)   7.21e-16   9.43e-16   7.76e-16   ok
 8300     61.5441 (   2.2390)     71.2828 (   1.9331)     21.1282 (   6.5219)     21.2814 (   6.4750)   9.31e-16   8.22e-16   6.57e-16   ok
 8400     60.5225 (   2.3320)     72.1212 (   1.9569)     21.1948 (   6.6590)     21.8512 (   6.4590)   8.12e-16   7.58e-16   6.50e-16   ok
 8500     61.5254 (   2.3489)     70.9443 (   2.0370)     21.4194 (   6.7470)     20.7905 (   6.9511)   8.02e-16   8.56e-16   6.95e-16   ok
 8600     61.1324 (   2.4199)     72.1253 (   2.0511)     21.6441 (   6.8350)     19.8089 (   7.4682)   9.52e-16   1.22e-15   1.00e-15   ok
 8700     60.9704 (   2.4831)     72.0943 (   2.1000)     21.9354 (   6.9020)     19.1764 (   7.8950)   8.89e-16   7.84e-16   6.27e-16   ok
 8800     60.4811 (   2.5611)     72.1795 (   2.1460)     21.9771 (   7.0481)     17.6843 (   8.7590)   9.30e-16   7.75e-16   9.82e-16   ok
 8900     61.1012 (   2.5930)     71.9195 (   2.2030)     22.3029 (   7.1039)     22.5565 (   7.0240)   1.02e-15   9.20e-16   7.66e-16   ok
 9000     61.4869 (   2.6350)     73.1410 (   2.2151)     22.5525 (   7.1840)     17.5572 (   9.2280)   8.59e-16   8.08e-16   8.08e-16   ok
10000     62.8564 (   3.1822)     73.0788 (   2.7370)     22.4035 (   8.9281)     21.2720 (   9.4030)   1.14e-15   9.09e-16   8.64e-16   ok
12000     64.1323 (   4.4911)     72.5126 (   3.9721)     22.5124 (  12.7940)     19.2103 (  14.9932)   1.14e-15   9.09e-16   9.09e-16   ok
14000     66.8979 (   5.8601)     74.2341 (   5.2810)     22.5186 (  17.4091)     12.2374 (  32.0351)   1.30e-15   1.10e-15   1.17e-15   ok
16000     67.5309 (   7.5822)     73.9385 (   6.9251)     22.5514 (  22.7051)     22.4320 (  22.8260)   1.14e-15   1.08e-15   1.02e-15   ok
18000     67.5529 (   9.5930)     74.4429 (   8.7051)     21.5724 (  30.0400)     23.1086 (  28.0430)   1.26e-15   1.52e-15   1.16e-15   ok
20000     69.3451 (  11.5371)     74.4979 (  10.7391)     21.3060 (  37.5500)     23.9261 (  33.4380)   1.50e-15   1.27e-15   1.27e-15   ok
