numactl --interleave=all ./testing_ssymv -N 100 -N 1000 --range 10:90:1 --range 100:900:10 --range 1000:9000:100 --range 10000:20000:2000
MAGMA 1.6.1  compiled for CUDA capability >= 3.5
CUDA runtime 7000, driver 7000. OpenMP threads 16. MKL 11.2.3, MKL threads 16. 
ndevices 3
device 0: Tesla K40c, 745.0 MHz clock, 11519.6 MB memory, capability 3.5
device 1: Tesla K40c, 745.0 MHz clock, 11519.6 MB memory, capability 3.5
device 2: Tesla K40c, 745.0 MHz clock, 11519.6 MB memory, capability 3.5
Usage: ./testing_ssymv [options] [-h|--help]

uplo = Lower
    N   MAGMA Gflop/s (ms)    Atomics Gflop/s      CUBLAS Gflop/s       CPU Gflop/s   MAGMA error  Atomics    CUBLAS
======================================================================================================================
  100      0.4279 (   0.0472)      0.4507 (   0.0448)      0.3310 (   0.0610)      0.2922 (   0.0691)   1.14e-07   1.14e-07   1.14e-07   ok
 1000     16.6938 (   0.1199)     28.1778 (   0.0710)     19.0408 (   0.1051)     10.8769 (   0.1841)   1.53e-07   1.53e-07   1.22e-07   ok
   10      0.0067 (   0.0329)      0.0082 (   0.0269)      0.0105 (   0.0210)      0.1025 (   0.0021)   4.77e-08   4.77e-08   4.77e-08   ok
   11      0.0085 (   0.0310)      0.0105 (   0.0250)      0.0140 (   0.0188)      0.1384 (   0.0019)   4.33e-08   4.33e-08   4.33e-08   ok
   12      0.0101 (   0.0310)      0.0120 (   0.0260)      0.0149 (   0.0210)      0.1636 (   0.0019)   3.97e-08   1.99e-08   1.99e-08   ok
   13      0.0121 (   0.0300)      0.0140 (   0.0260)      0.0182 (   0.0200)      0.1908 (   0.0019)   7.34e-08   7.34e-08   7.34e-08   ok
   14      0.0128 (   0.0329)      0.0162 (   0.0260)      0.0210 (   0.0200)      0.1957 (   0.0021)   6.81e-08   6.81e-08   6.81e-08   ok
   15      0.0155 (   0.0310)      0.0185 (   0.0260)      0.0252 (   0.0191)      0.2517 (   0.0019)   3.18e-08   4.77e-08   6.36e-08   ok
   16      0.0181 (   0.0300)      0.0209 (   0.0260)      0.0275 (   0.0198)      0.2852 (   0.0019)   5.96e-08   5.96e-08   5.96e-08   ok
   17      0.0204 (   0.0300)      0.0225 (   0.0272)      0.0306 (   0.0200)      0.2139 (   0.0029)   5.61e-08   2.80e-08   5.61e-08   ok
   18      0.0201 (   0.0341)      0.0254 (   0.0269)      0.0312 (   0.0219)      0.3586 (   0.0019)   7.95e-08   2.65e-08   5.30e-08   ok
   19      0.0229 (   0.0331)      0.0270 (   0.0281)      0.0362 (   0.0210)      0.2452 (   0.0031)   5.02e-08   5.02e-08   5.02e-08   ok
   20      0.0271 (   0.0310)      0.0299 (   0.0281)      0.0396 (   0.0212)      0.4404 (   0.0019)   4.77e-08   4.77e-08   4.77e-08   ok
   21      0.0281 (   0.0329)      0.0331 (   0.0279)      0.0440 (   0.0210)      0.4844 (   0.0019)   9.08e-08   6.81e-08   4.54e-08   ok
   22      0.0327 (   0.0310)      0.0363 (   0.0279)      0.0461 (   0.0219)      0.3265 (   0.0031)   6.50e-08   4.33e-08   6.50e-08   ok
   23      0.0346 (   0.0319)      0.0392 (   0.0281)      0.0477 (   0.0231)      0.3562 (   0.0031)   4.15e-08   8.29e-08   4.15e-08   ok
   24      0.0354 (   0.0339)      0.0416 (   0.0288)      0.0547 (   0.0219)      0.6291 (   0.0019)   7.95e-08   3.97e-08   3.97e-08   ok
   25      0.0419 (   0.0310)      0.0436 (   0.0298)      0.0593 (   0.0219)      0.6816 (   0.0019)   7.63e-08   7.63e-08   5.72e-08   ok
   26      0.0415 (   0.0339)      0.0487 (   0.0288)      0.0669 (   0.0210)      0.4907 (   0.0029)   7.34e-08   7.34e-08   7.34e-08   ok
   27      0.0460 (   0.0329)      0.0520 (   0.0291)      0.0689 (   0.0219)      0.7046 (   0.0021)   7.06e-08   7.06e-08   7.06e-08   ok
   28      0.0480 (   0.0339)      0.0541 (   0.0300)      0.0732 (   0.0222)      0.5676 (   0.0029)   6.81e-08   6.81e-08   1.02e-07   ok
   29      0.0561 (   0.0310)      0.0584 (   0.0298)      0.0793 (   0.0219)      0.5614 (   0.0031)   6.58e-08   6.58e-08   9.87e-08   ok
   30      0.0561 (   0.0331)      0.0619 (   0.0300)      0.0848 (   0.0219)      0.6001 (   0.0031)   9.54e-08   9.54e-08   1.27e-07   ok
   31      0.0599 (   0.0331)      0.0666 (   0.0298)      0.0905 (   0.0219)      0.6401 (   0.0031)   9.23e-08   6.15e-08   9.23e-08   ok
   32      0.0681 (   0.0310)      0.0681 (   0.0310)      0.0923 (   0.0229)      0.6814 (   0.0031)   5.96e-08   5.96e-08   5.96e-08   ok
   33      0.0702 (   0.0319)      0.0747 (   0.0300)      0.0980 (   0.0229)      0.7240 (   0.0031)   8.67e-08   1.16e-07   5.78e-08   ok
   34      0.0723 (   0.0329)      0.0768 (   0.0310)      0.0998 (   0.0238)      0.7679 (   0.0031)   5.61e-08   8.41e-08   5.61e-08   ok
   35      0.0744 (   0.0339)      0.0839 (   0.0300)      0.1101 (   0.0229)      0.8808 (   0.0029)   5.45e-08   5.45e-08   5.45e-08   ok
   36      0.0834 (   0.0319)      0.0887 (   0.0300)      0.1164 (   0.0229)      0.6573 (   0.0041)   7.95e-08   5.30e-08   5.30e-08   ok
   37      0.0907 (   0.0310)      0.0967 (   0.0291)      0.1282 (   0.0219)      0.6938 (   0.0041)   1.03e-07   1.03e-07   1.03e-07   ok
   38      0.0956 (   0.0310)      0.1019 (   0.0291)      0.1282 (   0.0231)      0.7313 (   0.0041)   7.53e-08   5.02e-08   7.53e-08   ok
   39      0.0948 (   0.0329)      0.1118 (   0.0279)      0.1363 (   0.0229)      0.7698 (   0.0041)   4.89e-08   4.89e-08   4.89e-08   ok
   40      0.1058 (   0.0310)      0.1092 (   0.0300)      0.1362 (   0.0241)      1.0583 (   0.0031)   7.15e-08   9.54e-08   7.15e-08   ok
   41      0.1078 (   0.0319)      0.1156 (   0.0298)      0.1570 (   0.0219)      1.1112 (   0.0031)   6.98e-08   6.98e-08   6.98e-08   ok
   42      0.1165 (   0.0310)      0.1202 (   0.0300)      0.1629 (   0.0222)      1.1654 (   0.0031)   9.08e-08   9.08e-08   9.08e-08   ok
   43      0.1184 (   0.0319)      0.1260 (   0.0300)      0.1571 (   0.0241)      0.9336 (   0.0041)   8.87e-08   8.87e-08   8.87e-08   ok
   44      0.1240 (   0.0319)      0.1278 (   0.0310)      0.1329 (   0.0298)      1.0381 (   0.0038)   8.67e-08   8.67e-08   8.67e-08   ok
   45      0.1223 (   0.0339)      0.1336 (   0.0310)      0.1736 (   0.0238)      1.0214 (   0.0041)   8.48e-08   8.48e-08   8.48e-08   ok
   46      0.1268 (   0.0341)      0.1395 (   0.0310)      0.1796 (   0.0241)      0.8636 (   0.0050)   8.29e-08   1.24e-07   8.29e-08   ok
   47      0.1412 (   0.0319)      0.1514 (   0.0298)      0.1874 (   0.0241)      1.1828 (   0.0038)   8.12e-08   8.12e-08   8.12e-08   ok
   48      0.1389 (   0.0339)      0.1566 (   0.0300)      0.1973 (   0.0238)      1.1606 (   0.0041)   7.95e-08   3.97e-08   7.95e-08   ok
   49      0.1479 (   0.0331)      0.1569 (   0.0312)      0.1976 (   0.0248)      1.2089 (   0.0041)   7.79e-08   7.79e-08   7.79e-08   ok
   50      0.1455 (   0.0350)      0.1645 (   0.0310)      0.2037 (   0.0250)      1.0186 (   0.0050)   3.81e-08   5.72e-08   5.72e-08   ok
   51      0.1648 (   0.0322)      0.1711 (   0.0310)      0.2119 (   0.0250)      1.3086 (   0.0041)   7.48e-08   5.61e-08   7.48e-08   ok
   52      0.1628 (   0.0339)      0.1778 (   0.0310)      0.2121 (   0.0260)      1.3599 (   0.0041)   1.10e-07   1.10e-07   1.10e-07   ok
   53      0.1691 (   0.0339)      0.1847 (   0.0310)      0.2203 (   0.0260)      1.1432 (   0.0050)   9.00e-08   1.08e-07   7.20e-08   ok
   54      0.1695 (   0.0350)      0.1916 (   0.0310)      0.2373 (   0.0250)      1.1864 (   0.0050)   1.06e-07   1.06e-07   1.06e-07   ok
   55      0.1872 (   0.0329)      0.2051 (   0.0300)      0.2370 (   0.0260)      1.2303 (   0.0050)   6.94e-08   6.94e-08   6.94e-08   ok
   56      0.1872 (   0.0341)      0.2060 (   0.0310)      0.2457 (   0.0260)      1.5751 (   0.0041)   6.81e-08   6.81e-08   3.41e-08   ok
   57      0.1900 (   0.0348)      0.1887 (   0.0350)      0.2641 (   0.0250)      1.6313 (   0.0041)   6.69e-08   6.69e-08   6.69e-08   ok
   58      0.2142 (   0.0319)      0.2208 (   0.0310)      0.2634 (   0.0260)      1.3669 (   0.0050)   9.87e-08   1.32e-07   9.87e-08   ok
   59      0.2034 (   0.0348)      0.2284 (   0.0310)      0.2724 (   0.0260)      1.4141 (   0.0050)   9.70e-08   6.47e-08   6.47e-08   ok
   60      0.2089 (   0.0350)      0.2362 (   0.0310)      0.2817 (   0.0260)      1.4620 (   0.0050)   1.27e-07   9.54e-08   9.54e-08   ok
   61      0.2440 (   0.0310)      0.2440 (   0.0310)      0.2808 (   0.0269)      1.5107 (   0.0050)   1.25e-07   1.25e-07   9.38e-08   ok
   62      0.2445 (   0.0319)      0.2520 (   0.0310)      0.2900 (   0.0269)      1.3106 (   0.0060)   9.23e-08   9.23e-08   1.23e-07   ok
   63      0.2524 (   0.0319)      0.2706 (   0.0298)      0.3221 (   0.0250)      1.3529 (   0.0060)   9.08e-08   9.08e-08   1.51e-07   ok
   64      0.2664 (   0.0312)      0.2792 (   0.0298)      0.3202 (   0.0260)      1.6617 (   0.0050)   8.94e-08   5.96e-08   8.94e-08   ok
   65      0.2448 (   0.0350)      0.2263 (   0.0379)      0.3185 (   0.0269)      1.7137 (   0.0050)   5.87e-08   5.87e-08   8.80e-08   ok
   66      0.2523 (   0.0350)      0.1297 (   0.0682)      0.3283 (   0.0269)      1.7664 (   0.0050)   8.67e-08   8.67e-08   8.67e-08   ok
   67      0.2600 (   0.0350)      0.2531 (   0.0360)      0.3133 (   0.0291)      1.5287 (   0.0060)   1.14e-07   1.14e-07   1.14e-07   ok
   68      0.2607 (   0.0360)      0.2607 (   0.0360)      0.3364 (   0.0279)      1.5744 (   0.0060)   1.40e-07   1.12e-07   1.40e-07   ok
   69      0.2833 (   0.0341)      0.2683 (   0.0360)      0.3434 (   0.0281)      1.9294 (   0.0050)   8.29e-08   8.29e-08   1.11e-07   ok
   70      0.2690 (   0.0370)      0.2690 (   0.0370)      0.3563 (   0.0279)      1.6677 (   0.0060)   1.36e-07   1.63e-07   1.63e-07   ok
   71      0.2697 (   0.0379)      0.2767 (   0.0370)      0.3544 (   0.0288)      1.7153 (   0.0060)   8.06e-08   1.61e-07   1.07e-07   ok
   72      0.2756 (   0.0381)      0.2845 (   0.0370)      0.3614 (   0.0291)      2.5936 (   0.0041)   1.06e-07   1.06e-07   1.32e-07   ok
   73      0.3001 (   0.0360)      0.2850 (   0.0379)      0.3596 (   0.0300)      2.1579 (   0.0050)   1.05e-07   7.84e-08   1.05e-07   ok
   74      0.2928 (   0.0379)      0.3004 (   0.0370)      0.3945 (   0.0281)      1.7906 (   0.0062)   1.29e-07   1.29e-07   1.29e-07   ok
   75      0.3253 (   0.0350)      0.3065 (   0.0372)      0.4052 (   0.0281)      1.9126 (   0.0060)   1.27e-07   7.63e-08   7.63e-08   ok
   76      0.3167 (   0.0370)      0.3251 (   0.0360)      0.4057 (   0.0288)      1.9636 (   0.0060)   1.00e-07   1.00e-07   7.53e-08   ok
   77      0.3250 (   0.0370)      0.3250 (   0.0370)      0.4306 (   0.0279)      1.9378 (   0.0062)   9.91e-08   9.91e-08   9.91e-08   ok
   78      0.3516 (   0.0350)      0.3251 (   0.0379)      0.4418 (   0.0279)      2.4615 (   0.0050)   7.34e-08   7.34e-08   7.34e-08   ok
   79      0.3420 (   0.0370)      0.3420 (   0.0370)      0.4346 (   0.0291)      2.1206 (   0.0060)   9.66e-08   1.45e-07   1.21e-07   ok
   80      0.3600 (   0.0360)      0.3484 (   0.0372)      0.4607 (   0.0281)      2.7179 (   0.0048)   9.54e-08   9.54e-08   9.54e-08   ok
   81      0.3690 (   0.0360)      0.3504 (   0.0379)      0.4762 (   0.0279)      2.6532 (   0.0050)   9.42e-08   1.18e-07   1.18e-07   ok
   82      0.3591 (   0.0379)      0.3683 (   0.0370)      0.4838 (   0.0281)      2.2837 (   0.0060)   1.40e-07   1.40e-07   9.30e-08   ok
   83      0.3873 (   0.0360)      0.3655 (   0.0381)      0.4794 (   0.0291)      2.7850 (   0.0050)   1.15e-07   9.19e-08   9.19e-08   ok
   84      0.3767 (   0.0379)      0.3864 (   0.0370)      0.5119 (   0.0279)      2.3958 (   0.0060)   9.08e-08   9.08e-08   9.08e-08   ok
   85      0.3931 (   0.0372)      0.3484 (   0.0420)      0.5197 (   0.0281)      2.1145 (   0.0069)   8.98e-08   8.98e-08   1.35e-07   ok
   86      0.4270 (   0.0350)      0.4049 (   0.0370)      0.5364 (   0.0279)      2.1643 (   0.0069)   1.33e-07   1.33e-07   8.87e-08   ok
   87      0.4369 (   0.0350)      0.4143 (   0.0370)      0.5489 (   0.0279)      2.2146 (   0.0069)   8.77e-08   6.58e-08   8.77e-08   ok
   88      0.4351 (   0.0360)      0.4239 (   0.0370)      0.5385 (   0.0291)      3.1286 (   0.0050)   1.30e-07   8.67e-08   8.67e-08   ok
   89      0.4335 (   0.0370)      0.4307 (   0.0372)      0.5508 (   0.0291)      2.6877 (   0.0060)   1.29e-07   1.29e-07   1.29e-07   ok
   90      0.4432 (   0.0370)      0.4432 (   0.0370)      0.5872 (   0.0279)      2.3691 (   0.0069)   1.27e-07   1.27e-07   1.27e-07   ok
  100      0.5295 (   0.0381)      0.5295 (   0.0381)      0.6778 (   0.0298)      2.9215 (   0.0069)   1.14e-07   1.14e-07   1.14e-07   ok
  110      0.6442 (   0.0379)      0.6245 (   0.0391)      0.7879 (   0.0310)      3.0125 (   0.0081)   1.39e-07   1.39e-07   1.04e-07   ok
  120      0.7858 (   0.0370)      0.7427 (   0.0391)      0.9369 (   0.0310)      3.5824 (   0.0081)   9.54e-08   1.27e-07   1.27e-07   ok
  130      0.8554 (   0.0398)      0.9217 (   0.0370)      1.0582 (   0.0322)      3.7594 (   0.0091)   1.47e-07   1.47e-07   1.47e-07   ok
  140      0.9627 (   0.0410)      1.0415 (   0.0379)      1.1999 (   0.0329)      5.0179 (   0.0079)   2.18e-07   1.63e-07   1.63e-07   ok
  150      1.1047 (   0.0410)      1.1875 (   0.0381)      1.3669 (   0.0331)      4.1305 (   0.0110)   1.53e-07   1.27e-07   1.53e-07   ok
  160      1.2563 (   0.0410)      1.3591 (   0.0379)      1.5218 (   0.0339)      5.6866 (   0.0091)   1.43e-07   1.43e-07   1.43e-07   ok
  170      1.3253 (   0.0439)      1.4515 (   0.0401)      1.6149 (   0.0360)      5.8061 (   0.0100)   1.35e-07   1.35e-07   1.35e-07   ok
  180      1.5441 (   0.0422)      1.5890 (   0.0410)      1.8099 (   0.0360)      6.5072 (   0.0100)   1.70e-07   1.27e-07   1.27e-07   ok
  190      1.6819 (   0.0432)      1.7699 (   0.0410)      2.0160 (   0.0360)      5.9691 (   0.0122)   2.41e-07   2.01e-07   1.61e-07   ok
  200      1.7473 (   0.0460)      1.9606 (   0.0410)      2.1756 (   0.0370)      8.8743 (   0.0091)   1.53e-07   1.53e-07   1.53e-07   ok
  210      1.9259 (   0.0460)      2.1610 (   0.0410)      2.2804 (   0.0389)      7.4340 (   0.0119)   1.82e-07   1.82e-07   1.82e-07   ok
  220      2.1132 (   0.0460)      2.3712 (   0.0410)      2.5651 (   0.0379)      8.8664 (   0.0110)   1.73e-07   2.08e-07   1.73e-07   ok
  230      2.2624 (   0.0470)      2.5912 (   0.0410)      2.7176 (   0.0391)      7.5540 (   0.0141)   2.32e-07   1.66e-07   1.66e-07   ok
  240      2.5140 (   0.0460)      2.8209 (   0.0410)      2.9054 (   0.0398)      8.3655 (   0.0138)   2.23e-07   2.54e-07   2.23e-07   ok
  250      2.6720 (   0.0470)      2.9739 (   0.0422)      3.2899 (   0.0381)      8.3553 (   0.0150)   2.75e-07   2.75e-07   3.05e-07   ok
  260      2.6601 (   0.0510)      3.2344 (   0.0420)      3.2344 (   0.0420)      4.0953 (   0.0331)   1.17e-07   8.80e-08   8.80e-08   ok
  270      2.8682 (   0.0510)      3.4875 (   0.0420)      3.4100 (   0.0429)      5.2016 (   0.0281)   1.13e-07   5.65e-08   8.48e-08   ok
  280      3.0276 (   0.0520)      3.6668 (   0.0429)      3.7501 (   0.0420)      5.2801 (   0.0298)   8.17e-08   5.45e-08   8.17e-08   ok
  290      3.1888 (   0.0529)      3.9329 (   0.0429)      3.9111 (   0.0432)      4.9505 (   0.0341)   1.05e-07   7.89e-08   1.05e-07   ok
  300      3.4747 (   0.0520)      4.2083 (   0.0429)      4.3039 (   0.0420)      5.2971 (   0.0341)   1.02e-07   7.63e-08   1.02e-07   ok
  310      3.7098 (   0.0520)      4.3716 (   0.0441)      4.3954 (   0.0439)      5.8183 (   0.0331)   9.84e-08   7.38e-08   1.23e-07   ok
  320      4.0265 (   0.0510)      4.7871 (   0.0429)      4.6577 (   0.0441)      5.2541 (   0.0391)   9.54e-08   9.54e-08   1.43e-07   ok
  330      3.8991 (   0.0560)      4.8481 (   0.0451)      4.7476 (   0.0460)      5.6214 (   0.0389)   1.16e-07   9.25e-08   9.25e-08   ok
  340      4.0694 (   0.0570)      5.1733 (   0.0448)      5.0392 (   0.0460)      5.8238 (   0.0398)   1.12e-07   8.98e-08   1.12e-07   ok
  350      4.4806 (   0.0548)      5.4526 (   0.0451)      5.4526 (   0.0451)      5.9915 (   0.0410)   8.72e-08   8.72e-08   8.72e-08   ok
  360      4.4864 (   0.0579)      5.5339 (   0.0470)      5.4238 (   0.0479)      6.3383 (   0.0410)   1.48e-07   1.06e-07   8.48e-08   ok
  370      4.7387 (   0.0579)      6.1250 (   0.0448)      5.8452 (   0.0470)      7.2422 (   0.0379)   1.24e-07   1.65e-07   1.24e-07   ok
  380      4.8195 (   0.0601)      6.1650 (   0.0470)      6.0124 (   0.0482)      7.6384 (   0.0379)   1.20e-07   1.20e-07   1.20e-07   ok
  390      5.1580 (   0.0591)      6.8041 (   0.0448)      6.3641 (   0.0479)      8.5279 (   0.0358)   1.17e-07   1.17e-07   1.17e-07   ok
  400      5.2560 (   0.0610)      6.8301 (   0.0470)      6.4073 (   0.0501)      9.2160 (   0.0348)   1.14e-07   1.14e-07   1.14e-07   ok
  410      5.5434 (   0.0608)      7.3242 (   0.0460)      6.7313 (   0.0501)      9.3614 (   0.0360)   1.12e-07   1.12e-07   1.12e-07   ok
  420      5.7940 (   0.0610)      7.3795 (   0.0479)      6.9312 (   0.0510)      9.5082 (   0.0372)   1.09e-07   1.45e-07   1.09e-07   ok
  430      5.8889 (   0.0629)      7.8917 (   0.0470)      7.2648 (   0.0510)     10.0301 (   0.0370)   1.42e-07   1.06e-07   1.06e-07   ok
  440      6.1656 (   0.0629)      8.0580 (   0.0482)      7.6062 (   0.0510)     10.1733 (   0.0381)   1.04e-07   1.04e-07   1.04e-07   ok
  450      6.2591 (   0.0648)      8.2644 (   0.0491)      7.6688 (   0.0529)     11.2746 (   0.0360)   1.02e-07   1.36e-07   1.02e-07   ok
  460      6.5161 (   0.0651)      8.8502 (   0.0479)      8.0130 (   0.0529)     11.4031 (   0.0372)   9.95e-08   1.33e-07   9.95e-08   ok
  470      6.8272 (   0.0648)      9.1930 (   0.0482)      8.2168 (   0.0539)     11.9806 (   0.0370)   9.74e-08   9.74e-08   9.74e-08   ok
  480      6.9919 (   0.0660)      9.4018 (   0.0491)      8.5697 (   0.0539)     11.0043 (   0.0420)   9.54e-08   9.54e-08   9.54e-08   ok
  490      7.3927 (   0.0651)      9.8450 (   0.0489)      9.0911 (   0.0529)     10.9686 (   0.0439)   9.34e-08   1.25e-07   1.25e-07   ok
  500      7.3731 (   0.0679)     10.2505 (   0.0489)      8.7556 (   0.0572)     12.2171 (   0.0410)   9.16e-08   1.22e-07   1.53e-07   ok
  510      7.8923 (   0.0660)     10.4601 (   0.0498)      8.9965 (   0.0579)     12.0782 (   0.0432)   8.98e-08   8.98e-08   8.98e-08   ok
  520      7.7565 (   0.0699)     10.6198 (   0.0510)      9.0184 (   0.0601)     11.3067 (   0.0479)   1.47e-07   8.80e-08   1.17e-07   ok
  530      7.9488 (   0.0708)     11.2419 (   0.0501)      9.3683 (   0.0601)     12.2322 (   0.0460)   1.44e-07   1.15e-07   1.15e-07   ok
  540      8.4505 (   0.0691)     12.1319 (   0.0482)      9.5728 (   0.0610)     12.6977 (   0.0460)   1.13e-07   1.13e-07   1.13e-07   ok
  550      8.4178 (   0.0720)     11.8793 (   0.0510)      9.6294 (   0.0629)     12.4008 (   0.0489)   1.39e-07   1.11e-07   1.11e-07   ok
  560      8.9638 (   0.0701)     12.7930 (   0.0491)     10.2944 (   0.0610)     12.7930 (   0.0491)   1.36e-07   1.09e-07   1.09e-07   ok
  570      9.1619 (   0.0710)     12.2984 (   0.0529)     10.1875 (   0.0639)     13.0011 (   0.0501)   1.34e-07   1.07e-07   1.07e-07   ok
  580      8.6446 (   0.0780)     12.9669 (   0.0520)     10.0598 (   0.0670)     13.7892 (   0.0489)   1.05e-07   1.05e-07   1.05e-07   ok
  590      9.2858 (   0.0751)     13.1758 (   0.0529)     10.7144 (   0.0651)     13.1167 (   0.0532)   1.29e-07   1.03e-07   1.29e-07   ok
  600      9.6335 (   0.0749)     13.5647 (   0.0532)     10.9203 (   0.0660)     13.6258 (   0.0529)   1.27e-07   1.53e-07   1.27e-07   ok
  610      9.5612 (   0.0780)     13.7732 (   0.0541)     10.8184 (   0.0689)     14.0834 (   0.0529)   1.25e-07   1.00e-07   1.25e-07   ok
  620      9.8469 (   0.0782)     13.9817 (   0.0551)     11.1372 (   0.0691)     13.9817 (   0.0551)   1.23e-07   9.84e-08   1.23e-07   ok
  630      9.9544 (   0.0799)     14.4360 (   0.0551)     11.1903 (   0.0710)     14.7554 (   0.0539)   1.21e-07   1.21e-07   1.21e-07   ok
  640     10.6874 (   0.0768)     15.5015 (   0.0529)     11.7052 (   0.0701)     14.8976 (   0.0551)   9.54e-08   1.19e-07   1.19e-07   ok
  650     10.2001 (   0.0830)     15.3664 (   0.0551)     11.6001 (   0.0730)     14.6076 (   0.0579)   1.17e-07   1.17e-07   1.41e-07   ok
  660     10.9242 (   0.0799)     16.1216 (   0.0541)     12.1179 (   0.0720)     15.3122 (   0.0570)   1.39e-07   1.16e-07   1.16e-07   ok
  670     10.7138 (   0.0839)     16.0479 (   0.0560)     11.8222 (   0.0761)     14.5049 (   0.0620)   1.37e-07   9.11e-08   9.11e-08   ok
  680     11.1626 (   0.0830)     16.8164 (   0.0551)     12.3321 (   0.0751)     15.9860 (   0.0579)   1.12e-07   1.35e-07   1.35e-07   ok
  690     11.2034 (   0.0851)     17.0196 (   0.0560)     12.5379 (   0.0761)     15.6235 (   0.0610)   1.33e-07   1.33e-07   1.33e-07   ok
  700     11.9660 (   0.0820)     17.2230 (   0.0570)     12.7439 (   0.0770)     15.0780 (   0.0651)   1.31e-07   1.31e-07   1.31e-07   ok
  710     11.8951 (   0.0849)     18.0198 (   0.0560)     13.1104 (   0.0770)     15.5686 (   0.0648)   1.29e-07   1.29e-07   1.29e-07   ok
  720     11.8013 (   0.0880)     18.1446 (   0.0572)     13.3171 (   0.0780)     16.2489 (   0.0639)   1.27e-07   1.27e-07   1.27e-07   ok
  730     12.4000 (   0.0861)     18.7298 (   0.0570)     13.6893 (   0.0780)     16.3971 (   0.0651)   1.25e-07   1.25e-07   1.25e-07   ok
  740     11.9166 (   0.0920)     18.9293 (   0.0579)     13.5289 (   0.0811)     17.0997 (   0.0641)   1.24e-07   1.24e-07   1.24e-07   ok
  750     12.8046 (   0.0880)     19.4440 (   0.0579)     14.2746 (   0.0789)     16.3491 (   0.0689)   1.22e-07   1.22e-07   1.63e-07   ok
  760     12.7006 (   0.0911)     19.6422 (   0.0589)     14.3116 (   0.0808)     16.2807 (   0.0710)   1.20e-07   1.20e-07   1.20e-07   ok
  770     13.0368 (   0.0911)     19.7622 (   0.0601)     14.3105 (   0.0830)     16.2747 (   0.0730)   1.19e-07   1.19e-07   1.59e-07   ok
  780     13.1030 (   0.0930)     20.2785 (   0.0601)     14.6423 (   0.0832)     16.0193 (   0.0761)   1.57e-07   1.17e-07   1.57e-07   ok
  790     13.4409 (   0.0930)     21.2225 (   0.0589)     15.2382 (   0.0820)     16.2290 (   0.0770)   1.55e-07   1.55e-07   1.16e-07   ok
  800     13.9260 (   0.0920)     21.3310 (   0.0601)     15.4466 (   0.0830)     16.2399 (   0.0789)   1.53e-07   1.14e-07   1.53e-07   ok
  810     13.7079 (   0.0958)     21.1945 (   0.0620)     15.2647 (   0.0861)     17.0606 (   0.0770)   1.13e-07   1.13e-07   1.51e-07   ok
  820     13.8756 (   0.0970)     22.0601 (   0.0610)     15.6437 (   0.0861)     17.2703 (   0.0780)   1.49e-07   1.12e-07   1.49e-07   ok
  830     14.3570 (   0.0961)     22.6011 (   0.0610)     16.2525 (   0.0849)     16.8194 (   0.0820)   1.47e-07   1.10e-07   1.10e-07   ok
  840     14.1096 (   0.1001)     22.4472 (   0.0629)     16.0163 (   0.0882)     16.9801 (   0.0832)   1.45e-07   1.45e-07   1.09e-07   ok
  850     14.0461 (   0.1030)     22.8977 (   0.0632)     16.4442 (   0.0880)     17.2384 (   0.0839)   1.08e-07   1.44e-07   1.08e-07   ok
  860     14.6842 (   0.1009)     23.8901 (   0.0620)     16.8331 (   0.0880)     17.0176 (   0.0870)   1.42e-07   1.42e-07   1.06e-07   ok
  870     14.5794 (   0.1040)     23.6306 (   0.0641)     16.9964 (   0.0892)     17.4154 (   0.0870)   1.40e-07   1.40e-07   1.40e-07   ok
  880     14.8822 (   0.1042)     24.2669 (   0.0639)     17.2507 (   0.0899)     17.6247 (   0.0880)   1.39e-07   1.39e-07   1.39e-07   ok
  890     15.2571 (   0.1040)     24.8212 (   0.0639)     17.8340 (   0.0889)     17.5981 (   0.0901)   1.03e-07   1.37e-07   1.03e-07   ok
  900     14.7556 (   0.1099)     24.5571 (   0.0660)     17.6226 (   0.0920)     18.0433 (   0.0899)   1.36e-07   1.36e-07   1.36e-07   ok
 1000     17.2778 (   0.1159)     28.5612 (   0.0701)     19.2592 (   0.1040)     18.7016 (   0.1070)   1.22e-07   1.22e-07   1.53e-07   ok
 1100     18.3383 (   0.1321)     31.4534 (   0.0770)     20.3596 (   0.1190)     20.6913 (   0.1171)   1.66e-07   1.39e-07   1.39e-07   ok
 1200     20.7370 (   0.1390)     36.5247 (   0.0789)     23.7985 (   0.1211)     18.5709 (   0.1552)   1.78e-07   1.27e-07   1.27e-07   ok
 1300     22.0991 (   0.1531)     39.7413 (   0.0851)     26.0324 (   0.1299)     24.5037 (   0.1380)   1.64e-07   1.17e-07   1.64e-07   ok
 1400     24.5207 (   0.1600)     44.1110 (   0.0889)     29.0696 (   0.1349)     23.7766 (   0.1650)   1.74e-07   1.74e-07   1.31e-07   ok
 1500     26.6389 (   0.1690)     48.9299 (   0.0920)     29.8372 (   0.1509)     24.5924 (   0.1831)   2.03e-07   1.63e-07   1.63e-07   ok
 1600     28.3113 (   0.1810)     53.3207 (   0.0961)     31.8345 (   0.1609)     26.2693 (   0.1950)   1.91e-07   1.53e-07   1.53e-07   ok
 1700     29.9473 (   0.1931)     54.6336 (   0.1059)     32.5165 (   0.1779)     27.4094 (   0.2110)   1.80e-07   2.15e-07   1.80e-07   ok
 1800     31.7689 (   0.2041)     58.4821 (   0.1109)     36.0188 (   0.1800)     26.1483 (   0.2480)   1.70e-07   1.70e-07   1.70e-07   ok
 1900     33.9292 (   0.2129)     64.4656 (   0.1121)     38.0161 (   0.1900)     24.9784 (   0.2892)   2.25e-07   1.61e-07   1.61e-07   ok
 2000     35.5627 (   0.2251)     62.9854 (   0.1271)     37.0543 (   0.2160)     27.0300 (   0.2961)   2.14e-07   1.53e-07   1.53e-07   ok
 2100     37.9994 (   0.2322)     65.8565 (   0.1340)     24.3817 (   0.3619)     25.7381 (   0.3428)   2.03e-07   1.74e-07   1.74e-07   ok
 2200     38.4289 (   0.2520)     68.2678 (   0.1419)     25.3554 (   0.3819)     27.0435 (   0.3581)   2.50e-07   1.66e-07   1.39e-07   ok
 2300     41.0305 (   0.2580)     71.4896 (   0.1481)     25.8863 (   0.4089)     29.6560 (   0.3569)   2.92e-07   1.86e-07   1.86e-07   ok
 2400     41.7431 (   0.2761)     74.2527 (   0.1552)     27.1717 (   0.4241)     30.6522 (   0.3760)   2.29e-07   1.78e-07   1.78e-07   ok
 2500     43.5629 (   0.2871)     79.7109 (   0.1569)     27.9732 (   0.4470)      4.3862 (   2.8510)   2.69e-07   1.71e-07   1.46e-07   ok
 2600     45.9715 (   0.2942)     80.9255 (   0.1671)     29.0321 (   0.4659)     31.0163 (   0.4361)   2.11e-07   1.88e-07   1.88e-07   ok
 2700     47.2034 (   0.3090)     82.8938 (   0.1760)     30.1358 (   0.4840)     34.0811 (   0.4280)   2.26e-07   1.81e-07   1.58e-07   ok
 2800     49.1705 (   0.3190)     88.5467 (   0.1771)     31.4334 (   0.4990)     32.2027 (   0.4871)   2.62e-07   1.74e-07   1.74e-07   ok
 2900     50.8448 (   0.3309)     90.9440 (   0.1850)     32.4770 (   0.5181)     33.5261 (   0.5019)   2.53e-07   2.10e-07   1.68e-07   ok
 3000     52.5192 (   0.3428)     94.2854 (   0.1910)     33.5955 (   0.5360)     34.7710 (   0.5178)   3.26e-07   2.44e-07   2.03e-07   ok
 3100     54.1575 (   0.3550)     97.6278 (   0.1969)     34.4470 (   0.5581)     35.2758 (   0.5450)   2.36e-07   2.36e-07   1.97e-07   ok
 3200     55.6517 (   0.3681)    100.9708 (   0.2029)     35.5655 (   0.5760)     35.8773 (   0.5710)   2.67e-07   1.91e-07   1.53e-07   ok
 3300     57.4715 (   0.3791)    103.7226 (   0.2100)     36.1184 (   0.6032)     36.9211 (   0.5901)   2.96e-07   2.22e-07   1.85e-07   ok
 3400     59.7664 (   0.3870)    104.6395 (   0.2210)     37.8466 (   0.6111)     31.9924 (   0.7229)   2.87e-07   2.15e-07   2.15e-07   ok
 3500     60.9667 (   0.4020)    107.8592 (   0.2272)     38.4692 (   0.6371)     32.5387 (   0.7532)   3.14e-07   2.09e-07   1.74e-07   ok
 3600     62.1764 (   0.4170)    111.3066 (   0.2329)     39.4724 (   0.6568)     35.7132 (   0.7260)   2.71e-07   2.37e-07   2.03e-07   ok

numactl --interleave=all ./testing_ssymv -N 100 -N 1000 --range 10:90:1 --range 100:900:10 --range 1000:9000:100 --range 10000:20000:2000
MAGMA 1.6.1  compiled for CUDA capability >= 3.5
CUDA runtime 7000, driver 7000. OpenMP threads 16. MKL 11.2.3, MKL threads 16. 
ndevices 3
device 0: Tesla K40c, 745.0 MHz clock, 11519.6 MB memory, capability 3.5
device 1: Tesla K40c, 745.0 MHz clock, 11519.6 MB memory, capability 3.5
device 2: Tesla K40c, 745.0 MHz clock, 11519.6 MB memory, capability 3.5
Usage: ./testing_ssymv [options] [-h|--help]

uplo = Lower
    N   MAGMA Gflop/s (ms)    Atomics Gflop/s      CUBLAS Gflop/s       CPU Gflop/s   MAGMA error  Atomics    CUBLAS
======================================================================================================================
  100      0.4605 (   0.0439)      0.4580 (   0.0441)      0.3668 (   0.0551)      0.3259 (   0.0620)   1.14e-07   1.14e-07   1.14e-07   ok
 1000     16.2732 (   0.1230)     25.2922 (   0.0792)     18.1753 (   0.1101)     12.1344 (   0.1650)   1.53e-07   1.53e-07   1.22e-07   ok
   10      0.0054 (   0.0410)      0.0065 (   0.0339)      0.0082 (   0.0269)      0.1025 (   0.0021)   4.77e-08   4.77e-08   4.77e-08   ok
   11      0.0069 (   0.0381)      0.0080 (   0.0331)      0.0105 (   0.0250)      0.0923 (   0.0029)   4.33e-08   4.33e-08   4.33e-08   ok
   12      0.0082 (   0.0379)      0.0097 (   0.0322)      0.0120 (   0.0260)      0.1091 (   0.0029)   3.97e-08   1.99e-08   1.99e-08   ok
   13      0.0096 (   0.0379)      0.0108 (   0.0339)      0.0135 (   0.0269)      0.1272 (   0.0029)   7.34e-08   7.34e-08   7.34e-08   ok
   14      0.0108 (   0.0389)      0.0128 (   0.0329)      0.0169 (   0.0248)      0.1468 (   0.0029)   6.81e-08   6.81e-08   6.81e-08   ok
   15      0.0120 (   0.0401)      0.0141 (   0.0341)      0.0192 (   0.0250)      0.1678 (   0.0029)   3.18e-08   4.77e-08   6.36e-08   ok
   16      0.0137 (   0.0398)      0.0161 (   0.0339)      0.0209 (   0.0260)      0.2852 (   0.0019)   5.96e-08   5.96e-08   5.96e-08   ok
   17      0.0161 (   0.0379)      0.0181 (   0.0339)      0.0227 (   0.0269)      0.2139 (   0.0029)   5.61e-08   2.80e-08   5.61e-08   ok
   18      0.0185 (   0.0370)      0.0202 (   0.0339)      0.0254 (   0.0269)      0.2207 (   0.0031)   7.95e-08   2.65e-08   5.30e-08   ok
   19      0.0206 (   0.0370)      0.0229 (   0.0331)      0.0304 (   0.0250)      0.2656 (   0.0029)   5.02e-08   5.02e-08   5.02e-08   ok
   20      0.0233 (   0.0360)      0.0263 (   0.0319)      0.0323 (   0.0260)      0.2710 (   0.0031)   4.77e-08   4.77e-08   4.77e-08   ok
   21      0.0248 (   0.0372)      0.0273 (   0.0339)      0.0356 (   0.0260)      0.3230 (   0.0029)   9.08e-08   6.81e-08   4.54e-08   ok
   22      0.0281 (   0.0360)      0.0305 (   0.0331)      0.0389 (   0.0260)      0.3537 (   0.0029)   6.50e-08   4.33e-08   6.50e-08   ok
   23      0.0299 (   0.0370)      0.0336 (   0.0329)      0.0425 (   0.0260)      0.3562 (   0.0031)   4.15e-08   8.29e-08   4.15e-08   ok
   24      0.0333 (   0.0360)      0.0333 (   0.0360)      0.0445 (   0.0269)      0.2961 (   0.0041)   7.95e-08   3.97e-08   3.97e-08   ok
   25      0.0350 (   0.0372)      0.0361 (   0.0360)      0.0483 (   0.0269)      0.2596 (   0.0050)   7.63e-08   7.63e-08   5.72e-08   ok
   26      0.0370 (   0.0379)      0.0401 (   0.0350)      0.0521 (   0.0269)      0.3464 (   0.0041)   7.34e-08   7.34e-08   7.34e-08   ok
   27      0.0369 (   0.0410)      0.0420 (   0.0360)      0.0542 (   0.0279)      0.3020 (   0.0050)   7.06e-08   7.06e-08   7.06e-08   ok
   28      0.0428 (   0.0379)      0.0439 (   0.0370)      0.0577 (   0.0281)      0.4257 (   0.0038)   6.81e-08   6.81e-08   1.02e-07   ok
   29      0.0445 (   0.0391)      0.0483 (   0.0360)      0.0646 (   0.0269)      0.2919 (   0.0060)   6.58e-08   6.58e-08   9.87e-08   ok
   30      0.0464 (   0.0401)      0.0531 (   0.0350)      0.0661 (   0.0281)      0.3715 (   0.0050)   9.54e-08   9.54e-08   1.27e-07   ok
   31      0.0484 (   0.0410)      0.0566 (   0.0350)      0.0711 (   0.0279)      0.3329 (   0.0060)   9.23e-08   6.15e-08   9.23e-08   ok
   32      0.0572 (   0.0370)      0.0637 (   0.0331)      0.0852 (   0.0248)      0.4218 (   0.0050)   5.96e-08   5.96e-08   5.96e-08   ok
   33      0.0607 (   0.0370)      0.0640 (   0.0350)      0.0771 (   0.0291)      0.3765 (   0.0060)   8.67e-08   1.16e-07   5.78e-08   ok
   34      0.0644 (   0.0370)      0.0768 (   0.0310)      0.1040 (   0.0229)      0.5872 (   0.0041)   5.61e-08   8.41e-08   5.61e-08   ok
   35      0.0789 (   0.0319)      0.0846 (   0.0298)      0.1046 (   0.0241)      0.3645 (   0.0069)   5.45e-08   5.45e-08   5.45e-08   ok
   36      0.0721 (   0.0370)      0.0834 (   0.0319)      0.1106 (   0.0241)      0.3725 (   0.0072)   7.95e-08   5.30e-08   5.30e-08   ok
   37      0.0849 (   0.0331)      0.0936 (   0.0300)      0.1168 (   0.0241)      0.6938 (   0.0041)   1.03e-07   1.03e-07   1.03e-07   ok
   38      0.0928 (   0.0319)      0.0987 (   0.0300)      0.1231 (   0.0241)      0.7313 (   0.0041)   7.53e-08   5.02e-08   7.53e-08   ok
   39      0.0977 (   0.0319)      0.0948 (   0.0329)      0.1296 (   0.0241)      0.8179 (   0.0038)   4.89e-08   4.89e-08   4.89e-08   ok
   40      0.1092 (   0.0300)      0.1137 (   0.0288)      0.1495 (   0.0219)      1.0583 (   0.0031)   7.15e-08   9.54e-08   7.15e-08   ok
   41      0.1078 (   0.0319)      0.1184 (   0.0291)      0.1489 (   0.0231)      1.1112 (   0.0031)   6.98e-08   6.98e-08   6.98e-08   ok
   42      0.1156 (   0.0312)      0.1252 (   0.0288)      0.1578 (   0.0229)      1.2625 (   0.0029)   9.08e-08   9.08e-08   9.08e-08   ok
   43      0.1184 (   0.0319)      0.1345 (   0.0281)      0.1653 (   0.0229)      0.9336 (   0.0041)   8.87e-08   8.87e-08   8.87e-08   ok
   44      0.1278 (   0.0310)      0.1240 (   0.0319)      0.1730 (   0.0229)      0.9770 (   0.0041)   8.67e-08   8.67e-08   8.67e-08   ok
   45      0.1336 (   0.0310)      0.1378 (   0.0300)      0.1887 (   0.0219)      1.0214 (   0.0041)   8.48e-08   8.48e-08   8.48e-08   ok
   46      0.1268 (   0.0341)      0.1395 (   0.0310)      0.1814 (   0.0238)      0.8636 (   0.0050)   8.29e-08   1.24e-07   8.29e-08   ok
   47      0.1412 (   0.0319)      0.1456 (   0.0310)      0.1874 (   0.0241)      1.1828 (   0.0038)   8.12e-08   8.12e-08   8.12e-08   ok
   48      0.1380 (   0.0341)      0.1518 (   0.0310)      0.1973 (   0.0238)      1.1606 (   0.0041)   7.95e-08   3.97e-08   7.95e-08   ok
   49      0.1534 (   0.0319)      0.1581 (   0.0310)      0.1957 (   0.0250)      1.2089 (   0.0041)   7.79e-08   7.79e-08   7.79e-08   ok
   50      0.1550 (   0.0329)      0.1645 (   0.0310)      0.2037 (   0.0250)      1.2583 (   0.0041)   3.81e-08   5.72e-08   5.72e-08   ok
   51      0.1660 (   0.0319)      0.1711 (   0.0310)      0.2119 (   0.0250)      1.3086 (   0.0041)   7.48e-08   5.61e-08   7.48e-08   ok
   52      0.1725 (   0.0319)      0.1778 (   0.0310)      0.2202 (   0.0250)      1.4449 (   0.0038)   1.10e-07   1.10e-07   1.10e-07   ok
   53      0.1847 (   0.0310)      0.1847 (   0.0310)      0.2308 (   0.0248)      1.1432 (   0.0050)   9.00e-08   1.08e-07   7.20e-08   ok
   54      0.1755 (   0.0339)      0.1977 (   0.0300)      0.2373 (   0.0250)      1.1864 (   0.0050)   1.06e-07   1.06e-07   1.06e-07   ok
   55      0.1872 (   0.0329)      0.2051 (   0.0300)      0.2461 (   0.0250)      1.5198 (   0.0041)   6.94e-08   6.94e-08   6.94e-08   ok
   56      0.1998 (   0.0319)      0.2125 (   0.0300)      0.2550 (   0.0250)      1.5751 (   0.0041)   6.81e-08   6.81e-08   3.41e-08   ok
   57      0.1691 (   0.0391)      0.2133 (   0.0310)      0.2544 (   0.0260)      1.3206 (   0.0050)   6.69e-08   6.69e-08   6.69e-08   ok
   58      0.2142 (   0.0319)      0.2208 (   0.0310)      0.2734 (   0.0250)      1.3669 (   0.0050)   9.87e-08   1.32e-07   9.87e-08   ok
   59      0.2034 (   0.0348)      0.2357 (   0.0300)      0.2724 (   0.0260)      1.4141 (   0.0050)   9.70e-08   6.47e-08   6.47e-08   ok
   60      0.2291 (   0.0319)      0.2362 (   0.0310)      0.2817 (   0.0260)      1.4620 (   0.0050)   1.27e-07   9.54e-08   9.54e-08   ok
   61      0.2368 (   0.0319)      0.2440 (   0.0310)      0.2808 (   0.0269)      1.5107 (   0.0050)   1.25e-07   1.25e-07   9.38e-08   ok
   62      0.2445 (   0.0319)      0.2374 (   0.0329)      0.2600 (   0.0300)      1.5603 (   0.0050)   9.23e-08   9.23e-08   1.23e-07   ok
   63      0.2365 (   0.0341)      0.2505 (   0.0322)      0.2993 (   0.0269)      1.3529 (   0.0060)   9.08e-08   9.08e-08   1.51e-07   ok
   64      0.2770 (   0.0300)      0.2770 (   0.0300)      0.3323 (   0.0250)      2.0527 (   0.0041)   8.94e-08   5.96e-08   8.94e-08   ok
   65      0.2448 (   0.0350)      0.2307 (   0.0372)      0.3076 (   0.0279)      2.1169 (   0.0041)   5.87e-08   5.87e-08   8.80e-08   ok
   66      0.2594 (   0.0341)      0.1344 (   0.0658)      0.3254 (   0.0272)      1.7664 (   0.0050)   8.67e-08   8.67e-08   8.67e-08   ok
   67      0.2618 (   0.0348)      0.2531 (   0.0360)      0.3506 (   0.0260)      1.5287 (   0.0060)   1.14e-07   1.14e-07   1.14e-07   ok
   68      0.2752 (   0.0341)      0.2539 (   0.0370)      0.3483 (   0.0269)      1.8743 (   0.0050)   1.40e-07   1.12e-07   1.40e-07   ok
   69      0.2775 (   0.0348)      0.2683 (   0.0360)      0.3554 (   0.0272)      1.5583 (   0.0062)   8.29e-08   8.29e-08   1.11e-07   ok
   70      0.2836 (   0.0350)      0.2836 (   0.0350)      0.3825 (   0.0260)      1.6677 (   0.0060)   1.36e-07   1.63e-07   1.63e-07   ok
   71      0.2999 (   0.0341)      0.2840 (   0.0360)      0.3665 (   0.0279)      1.7153 (   0.0060)   8.06e-08   1.61e-07   1.07e-07   ok
   72      0.3105 (   0.0339)      0.2920 (   0.0360)      0.3902 (   0.0269)      2.2045 (   0.0048)   1.06e-07   1.06e-07   1.32e-07   ok
   73      0.3083 (   0.0350)      0.3001 (   0.0360)      0.3873 (   0.0279)      2.1579 (   0.0050)   1.05e-07   7.84e-08   1.05e-07   ok
   74      0.3256 (   0.0341)      0.3167 (   0.0350)      0.4120 (   0.0269)      2.2170 (   0.0050)   1.29e-07   1.29e-07   1.29e-07   ok
   75      0.3275 (   0.0348)      0.3085 (   0.0370)      0.4052 (   0.0281)      2.2769 (   0.0050)   1.27e-07   7.63e-08   7.63e-08   ok
   76      0.3167 (   0.0370)      0.3251 (   0.0360)      0.4160 (   0.0281)      1.9636 (   0.0060)   1.00e-07   1.00e-07   7.53e-08   ok
   77      0.3250 (   0.0370)      0.3250 (   0.0370)      0.4270 (   0.0281)      2.0153 (   0.0060)   9.91e-08   9.91e-08   9.91e-08   ok
   78      0.3251 (   0.0379)      0.3423 (   0.0360)      0.4418 (   0.0279)      2.0676 (   0.0060)   7.34e-08   7.34e-08   7.34e-08   ok
   79      0.3511 (   0.0360)      0.3314 (   0.0381)      0.3707 (   0.0341)      2.1206 (   0.0060)   9.66e-08   1.45e-07   1.21e-07   ok
   80      0.3698 (   0.0350)      0.3600 (   0.0360)      0.4646 (   0.0279)      2.1743 (   0.0060)   9.54e-08   9.54e-08   9.54e-08   ok
   81      0.3790 (   0.0350)      0.3504 (   0.0379)      0.4762 (   0.0279)      2.6532 (   0.0050)   9.42e-08   1.18e-07   1.18e-07   ok
   82      0.3910 (   0.0348)      0.3683 (   0.0370)      0.4838 (   0.0281)      2.2837 (   0.0060)   1.40e-07   1.40e-07   9.30e-08   ok
   83      0.3678 (   0.0379)      0.3873 (   0.0360)      0.4999 (   0.0279)      2.0167 (   0.0069)   1.15e-07   9.19e-08   9.19e-08   ok
   84      0.4074 (   0.0350)      0.3839 (   0.0372)      0.5119 (   0.0279)      2.0653 (   0.0069)   9.08e-08   9.08e-08   9.08e-08   ok
   85      0.3857 (   0.0379)      0.3956 (   0.0370)      0.5026 (   0.0291)      2.4528 (   0.0060)   8.98e-08   8.98e-08   1.35e-07   ok
   86      0.4049 (   0.0370)      0.4049 (   0.0370)      0.5145 (   0.0291)      2.0921 (   0.0072)   1.33e-07   1.33e-07   8.87e-08   ok
   87      0.4369 (   0.0350)      0.4253 (   0.0360)      0.5308 (   0.0288)      3.0582 (   0.0050)   8.77e-08   6.58e-08   8.77e-08   ok
   88      0.3820 (   0.0410)      0.4239 (   0.0370)      0.5615 (   0.0279)      2.5269 (   0.0062)   1.30e-07   8.67e-08   8.67e-08   ok
   89      0.4602 (   0.0348)      0.4335 (   0.0370)      0.5743 (   0.0279)      2.6877 (   0.0060)   1.29e-07   1.29e-07   1.29e-07   ok
   90      0.4321 (   0.0379)      0.4432 (   0.0370)      0.5822 (   0.0281)      2.2901 (   0.0072)   1.27e-07   1.27e-07   1.27e-07   ok
  100      0.5329 (   0.0379)      0.5466 (   0.0370)      0.6724 (   0.0300)      2.4919 (   0.0081)   1.14e-07   1.14e-07   1.14e-07   ok
  110      0.6442 (   0.0379)      0.6284 (   0.0389)      0.7879 (   0.0310)      3.9394 (   0.0062)   1.39e-07   1.39e-07   1.04e-07   ok
  120      0.7858 (   0.0370)      0.7613 (   0.0381)      0.9667 (   0.0300)      4.8721 (   0.0060)   9.54e-08   1.27e-07   1.27e-07   ok
  130      0.8306 (   0.0410)      0.8764 (   0.0389)      1.0352 (   0.0329)      4.2017 (   0.0081)   1.47e-07   1.47e-07   1.47e-07   ok
  140      0.9149 (   0.0432)      1.0097 (   0.0391)      1.1999 (   0.0329)      4.3577 (   0.0091)   2.18e-07   1.63e-07   1.63e-07   ok
  150      1.1310 (   0.0401)      1.2258 (   0.0370)      1.4179 (   0.0319)      4.5239 (   0.0100)   1.53e-07   1.27e-07   1.53e-07   ok
  160      1.3176 (   0.0391)      1.3257 (   0.0389)      1.5218 (   0.0339)      7.2030 (   0.0072)   1.43e-07   1.43e-07   1.43e-07   ok
  170      1.4178 (   0.0410)      1.4869 (   0.0391)      1.7053 (   0.0341)      6.4173 (   0.0091)   1.35e-07   1.35e-07   1.35e-07   ok
  180      1.4853 (   0.0439)      1.6268 (   0.0401)      1.8592 (   0.0350)      5.3588 (   0.0122)   1.70e-07   1.27e-07   1.27e-07   ok
  190      1.7297 (   0.0420)      1.7699 (   0.0410)      2.0160 (   0.0360)      6.0885 (   0.0119)   2.41e-07   2.01e-07   1.61e-07   ok
  200      1.7118 (   0.0470)      2.0073 (   0.0401)      2.1756 (   0.0370)      7.3309 (   0.0110)   1.53e-07   1.53e-07   1.53e-07   ok
  210      1.9259 (   0.0460)      2.1610 (   0.0410)      2.3827 (   0.0372)      7.2882 (   0.0122)   1.82e-07   1.82e-07   1.82e-07   ok
  220      2.1132 (   0.0460)      2.3712 (   0.0410)      2.5651 (   0.0379)      8.1571 (   0.0119)   1.73e-07   2.08e-07   1.73e-07   ok
  230      2.3093 (   0.0460)      2.5912 (   0.0410)      2.3707 (   0.0448)      8.1034 (   0.0131)   2.32e-07   1.66e-07   1.66e-07   ok
  240      2.3668 (   0.0489)      2.7568 (   0.0420)      2.9054 (   0.0398)      8.2237 (   0.0141)   2.23e-07   2.54e-07   2.23e-07   ok
  250      2.7274 (   0.0460)      2.9908 (   0.0420)      3.2899 (   0.0381)      6.2665 (   0.0200)   2.75e-07   2.75e-07   3.05e-07   ok
  260      2.7634 (   0.0491)      3.2344 (   0.0420)      3.3096 (   0.0410)      3.8725 (   0.0350)   1.17e-07   8.80e-08   8.80e-08   ok
  270      2.8682 (   0.0510)      3.4100 (   0.0429)      3.4875 (   0.0420)      4.7215 (   0.0310)   1.13e-07   5.65e-08   8.48e-08   ok
  280      3.0987 (   0.0508)      3.6465 (   0.0432)      3.4921 (   0.0451)      4.7827 (   0.0329)   8.17e-08   5.45e-08   8.17e-08   ok
  290      3.1324 (   0.0539)      3.8266 (   0.0441)      3.9329 (   0.0429)      5.2829 (   0.0319)   1.05e-07   7.89e-08   1.05e-07   ok
  300      3.4747 (   0.0520)      4.1168 (   0.0439)      4.0945 (   0.0441)      6.2089 (   0.0291)   1.02e-07   7.63e-08   1.02e-07   ok
  310      3.7969 (   0.0508)      4.4930 (   0.0429)      4.4682 (   0.0432)      6.0354 (   0.0319)   9.84e-08   7.38e-08   1.23e-07   ok
  320      4.0265 (   0.0510)      4.7871 (   0.0429)      4.6830 (   0.0439)      6.1991 (   0.0331)   9.54e-08   9.54e-08   1.43e-07   ok
  330      3.7707 (   0.0579)      4.8481 (   0.0451)      4.7476 (   0.0460)      6.4076 (   0.0341)   1.16e-07   9.25e-08   9.25e-08   ok
  340      4.2286 (   0.0548)      5.2572 (   0.0441)      5.0392 (   0.0460)      6.2345 (   0.0372)   1.12e-07   8.98e-08   1.12e-07   ok
  350      4.3853 (   0.0560)      5.4526 (   0.0451)      5.4816 (   0.0448)      5.8553 (   0.0420)   8.72e-08   8.72e-08   8.72e-08   ok
  360      4.7399 (   0.0548)      5.9249 (   0.0439)      5.6486 (   0.0460)      7.4162 (   0.0350)   1.48e-07   1.06e-07   8.48e-08   ok
  370      4.6620 (   0.0589)      5.8452 (   0.0470)      5.7289 (   0.0479)      8.3442 (   0.0329)   1.24e-07   1.65e-07   1.24e-07   ok
  380      5.0816 (   0.0570)      6.2928 (   0.0460)      6.0124 (   0.0482)      8.8007 (   0.0329)   1.20e-07   1.20e-07   1.20e-07   ok
  390      4.9199 (   0.0620)      6.4933 (   0.0470)      6.2399 (   0.0489)      9.8398 (   0.0310)   1.17e-07   1.17e-07   1.17e-07   ok
  400      5.3394 (   0.0601)      6.9717 (   0.0460)      6.6942 (   0.0479)     10.3503 (   0.0310)   1.14e-07   1.14e-07   1.14e-07   ok
  410      5.3544 (   0.0629)      7.1755 (   0.0470)      6.6054 (   0.0510)      9.8851 (   0.0341)   1.12e-07   1.12e-07   1.12e-07   ok
  420      5.7940 (   0.0610)      7.5293 (   0.0470)      6.9312 (   0.0510)     10.3725 (   0.0341)   1.09e-07   1.45e-07   1.09e-07   ok
  430      6.0729 (   0.0610)      7.8917 (   0.0470)      7.4386 (   0.0498)     10.9483 (   0.0339)   1.42e-07   1.06e-07   1.06e-07   ok
  440      6.1656 (   0.0629)      8.0981 (   0.0479)      7.4666 (   0.0520)     10.5015 (   0.0370)   1.04e-07   1.04e-07   1.04e-07   ok
  450      6.3525 (   0.0639)      8.4281 (   0.0482)      7.6344 (   0.0532)     12.3367 (   0.0329)   1.02e-07   1.36e-07   1.02e-07   ok
  460      6.7382 (   0.0629)      8.8502 (   0.0479)      8.0130 (   0.0529)     12.1013 (   0.0350)   9.95e-08   1.33e-07   9.95e-08   ok
  470      6.8021 (   0.0651)      9.0145 (   0.0491)      8.2168 (   0.0539)     12.6326 (   0.0350)   9.74e-08   9.74e-08   9.74e-08   ok
  480      6.8924 (   0.0670)      9.4476 (   0.0489)      8.5697 (   0.0539)     11.5974 (   0.0398)   9.54e-08   9.54e-08   9.54e-08   ok
  490      7.2860 (   0.0660)      9.6105 (   0.0501)      8.9302 (   0.0539)     11.2123 (   0.0429)   9.34e-08   1.25e-07   1.25e-07   ok
  500      7.5861 (   0.0660)     10.0543 (   0.0498)      8.7922 (   0.0570)     12.8131 (   0.0391)   9.16e-08   1.22e-07   1.53e-07   ok
  510      7.5646 (   0.0689)     10.4103 (   0.0501)      8.9965 (   0.0579)     12.7102 (   0.0410)   8.98e-08   8.98e-08   8.98e-08   ok
  520      7.8367 (   0.0691)     11.0322 (   0.0491)      9.5090 (   0.0570)     15.4601 (   0.0350)   1.47e-07   8.80e-08   1.17e-07   ok
  530      8.1407 (   0.0691)     11.0318 (   0.0510)      9.2219 (   0.0610)     15.6345 (   0.0360)   1.44e-07   1.15e-07   1.15e-07   ok
  540      8.1147 (   0.0720)     11.4516 (   0.0510)      9.5728 (   0.0610)     16.2295 (   0.0360)   1.13e-07   1.13e-07   1.13e-07   ok
  550      8.4178 (   0.0720)     11.8793 (   0.0510)      9.4857 (   0.0639)     16.4011 (   0.0370)   1.39e-07   1.11e-07   1.11e-07   ok
  560      8.8733 (   0.0708)     12.0888 (   0.0520)      9.9448 (   0.0632)     17.0024 (   0.0370)   1.36e-07   1.09e-07   1.09e-07   ok
  570      9.2865 (   0.0701)     12.5240 (   0.0520)     10.5009 (   0.0620)     17.6145 (   0.0370)   1.34e-07   1.07e-07   1.07e-07   ok
  580      8.9739 (   0.0751)     12.9669 (   0.0520)     10.3926 (   0.0648)     15.2800 (   0.0441)   1.05e-07   1.05e-07   1.05e-07   ok
  590      9.3154 (   0.0749)     13.4175 (   0.0520)     10.9143 (   0.0639)     17.9449 (   0.0389)   1.29e-07   1.03e-07   1.29e-07   ok
  600      9.2506 (   0.0780)     13.3847 (   0.0539)     10.9203 (   0.0660)     18.1134 (   0.0398)   1.27e-07   1.53e-07   1.27e-07   ok
  610      9.8010 (   0.0761)     14.0203 (   0.0532)     11.1264 (   0.0670)     18.6102 (   0.0401)   1.25e-07   1.00e-07   1.25e-07   ok
  620      9.7283 (   0.0792)     13.9817 (   0.0551)     11.1757 (   0.0689)     19.3400 (   0.0398)   1.23e-07   9.84e-08   1.23e-07   ok
  630     10.4537 (   0.0761)     14.7554 (   0.0539)     11.3813 (   0.0699)     17.2784 (   0.0460)   1.21e-07   1.21e-07   1.21e-07   ok
  640     10.6543 (   0.0770)     15.4320 (   0.0532)     11.5481 (   0.0710)     19.5531 (   0.0420)   9.54e-08   1.19e-07   1.19e-07   ok
  650     10.5959 (   0.0799)     15.7064 (   0.0539)     11.7538 (   0.0720)     19.1872 (   0.0441)   1.17e-07   1.17e-07   1.41e-07   ok
  660     10.3672 (   0.0842)     15.6394 (   0.0558)     11.9595 (   0.0730)     19.7817 (   0.0441)   1.39e-07   1.16e-07   1.16e-07   ok
  670     10.8370 (   0.0830)     16.3968 (   0.0548)     12.0104 (   0.0749)     19.5402 (   0.0460)   1.37e-07   9.11e-08   9.11e-08   ok
  680     11.4253 (   0.0811)     16.2535 (   0.0570)     12.3713 (   0.0749)     20.1274 (   0.0460)   1.12e-07   1.35e-07   1.35e-07   ok
  690     11.6268 (   0.0820)     16.7347 (   0.0570)     12.9019 (   0.0739)     20.2000 (   0.0472)   1.33e-07   1.33e-07   1.33e-07   ok
  700     11.9660 (   0.0820)     17.5910 (   0.0558)     12.9037 (   0.0761)     20.8949 (   0.0470)   1.31e-07   1.31e-07   1.31e-07   ok
  710     11.6018 (   0.0870)     17.3551 (   0.0582)     13.1104 (   0.0770)     20.9636 (   0.0482)   1.29e-07   1.29e-07   1.29e-07   ok
  720     12.0964 (   0.0858)     17.8471 (   0.0582)     13.4820 (   0.0770)     21.2424 (   0.0489)   1.27e-07   1.27e-07   1.27e-07   ok
  730     12.4000 (   0.0861)     18.7298 (   0.0570)     13.6893 (   0.0780)     21.7302 (   0.0491)   1.25e-07   1.25e-07   1.25e-07   ok
  740     12.0414 (   0.0911)     18.6227 (   0.0589)     13.7308 (   0.0799)     21.1000 (   0.0520)   1.24e-07   1.24e-07   1.24e-07   ok
  750     12.4013 (   0.0908)     19.0519 (   0.0591)     14.0622 (   0.0801)     22.0789 (   0.0510)   1.22e-07   1.22e-07   1.63e-07   ok
  760     13.0071 (   0.0889)     19.2525 (   0.0601)     14.2695 (   0.0811)     21.0028 (   0.0551)   1.20e-07   1.20e-07   1.20e-07   ok
  770     13.2097 (   0.0899)     20.1622 (   0.0589)     14.6905 (   0.0808)     22.3321 (   0.0532)   1.19e-07   1.19e-07   1.59e-07   ok
  780     13.2388 (   0.0920)      9.6784 (   0.1259)     14.6844 (   0.0830)     22.6114 (   0.0539)   1.57e-07   1.17e-07   1.57e-07   ok
  790     13.3045 (   0.0939)     20.8014 (   0.0601)     15.0631 (   0.0830)     22.4015 (   0.0558)   1.55e-07   1.55e-07   1.16e-07   ok
  800     13.6432 (   0.0939)     21.3310 (   0.0601)     15.4466 (   0.0830)     22.4913 (   0.0570)   1.53e-07   1.14e-07   1.53e-07   ok
  810     13.7079 (   0.0958)     21.5256 (   0.0610)     15.4791 (   0.0849)     23.9590 (   0.0548)   1.13e-07   1.13e-07   1.51e-07   ok
  820     14.4805 (   0.0930)     22.4102 (   0.0601)     16.0437 (   0.0839)     22.1466 (   0.0608)   1.49e-07   1.12e-07   1.49e-07   ok
  830     14.8356 (   0.0930)     22.6011 (   0.0610)     16.6261 (   0.0830)     23.8102 (   0.0579)   1.47e-07   1.10e-07   1.10e-07   ok
  840     14.1096 (   0.1001)     23.1486 (   0.0610)     16.2357 (   0.0870)     23.5161 (   0.0601)   1.45e-07   1.45e-07   1.09e-07   ok
  850     14.1773 (   0.1020)     22.8977 (   0.0632)     16.6244 (   0.0870)     24.0790 (   0.0601)   1.08e-07   1.44e-07   1.08e-07   ok
  860     14.7891 (   0.1001)     23.1770 (   0.0639)     16.6526 (   0.0889)     24.2634 (   0.0610)   1.42e-07   1.42e-07   1.06e-07   ok
  870     14.7144 (   0.1030)     23.3700 (   0.0648)     17.0419 (   0.0889)     24.8306 (   0.0610)   1.40e-07   1.40e-07   1.40e-07   ok
  880     15.3385 (   0.1011)     24.2669 (   0.0639)     17.2507 (   0.0899)     24.1767 (   0.0641)   1.39e-07   1.39e-07   1.39e-07   ok
  890     15.8761 (   0.0999)     24.7289 (   0.0641)     17.8340 (   0.0889)     25.1022 (   0.0632)   1.03e-07   1.37e-07   1.03e-07   ok
  900     15.0162 (   0.1080)     24.5571 (   0.0660)     17.9956 (   0.0901)     24.9169 (   0.0651)   1.36e-07   1.36e-07   1.36e-07   ok
 1000     17.1018 (   0.1171)     28.1778 (   0.0710)     19.2151 (   0.1042)     27.0000 (   0.0741)   1.22e-07   1.22e-07   1.53e-07   ok
 1100     18.5054 (   0.1309)     32.2522 (   0.0751)     21.0777 (   0.1149)     28.5378 (   0.0849)   1.66e-07   1.39e-07   1.39e-07   ok
 1200     20.2847 (   0.1421)     36.5247 (   0.0789)     23.6126 (   0.1221)     27.7286 (   0.1040)   1.78e-07   1.27e-07   1.27e-07   ok
 1300     22.4134 (   0.1509)     39.7413 (   0.0851)     26.0324 (   0.1299)     31.3193 (   0.1080)   1.64e-07   1.17e-07   1.64e-07   ok
 1400     24.3754 (   0.1609)     43.5276 (   0.0901)     28.6146 (   0.1371)     31.3996 (   0.1249)   1.74e-07   1.74e-07   1.31e-07   ok
 1500     26.0510 (   0.1729)     46.8659 (   0.0961)     28.8791 (   0.1559)     33.6067 (   0.1340)   2.03e-07   1.63e-07   1.63e-07   ok
 1600     28.4613 (   0.1800)     52.7967 (   0.0970)     31.6469 (   0.1619)     30.1378 (   0.1700)   1.91e-07   1.53e-07   1.53e-07   ok
 1700     30.4358 (   0.1900)     54.6336 (   0.1059)     33.4123 (   0.1731)     34.6533 (   0.1669)   1.80e-07   2.15e-07   1.80e-07   ok
 1800     32.4126 (   0.2000)     56.3027 (   0.1152)     36.0188 (   0.1800)     36.0188 (   0.1800)   1.70e-07   1.70e-07   1.70e-07   ok
 1900     34.2359 (   0.2110)     61.7084 (   0.1171)     38.4015 (   0.1881)     32.8264 (   0.2201)   2.25e-07   1.61e-07   1.28e-07   ok
 2000     35.5627 (   0.2251)     60.7074 (   0.1318)     37.5937 (   0.2129)     36.5302 (   0.2191)   2.14e-07   1.53e-07   1.53e-07   ok
 2100     37.5369 (   0.2351)     64.3676 (   0.1371)     24.6414 (   0.3581)     36.4644 (   0.2420)   2.03e-07   1.74e-07   1.74e-07   ok
 2200     39.0570 (   0.2480)     68.7298 (   0.1409)     25.8393 (   0.3748)     36.2672 (   0.2670)   2.50e-07   1.66e-07   1.39e-07   ok
 2300     40.8794 (   0.2589)     72.0699 (   0.1469)     26.3942 (   0.4010)     37.5275 (   0.2820)   2.92e-07   1.86e-07   1.86e-07   ok
 2400     42.6642 (   0.2701)     74.8274 (   0.1540)     27.4963 (   0.4191)     40.0153 (   0.2880)   2.29e-07   1.78e-07   1.78e-07   ok
 2500     43.7446 (   0.2859)     78.1666 (   0.1600)     28.5519 (   0.4380)     38.4811 (   0.3250)   2.69e-07   1.71e-07   1.71e-07   ok
 2600     45.2022 (   0.2992)     81.5069 (   0.1659)     29.1515 (   0.4640)     41.7430 (   0.3240)   2.11e-07   1.88e-07   1.88e-07   ok
 2700     47.2034 (   0.3090)     82.8938 (   0.1760)     30.4508 (   0.4790)     40.0626 (   0.3641)   2.26e-07   1.81e-07   1.58e-07   ok
 2800     49.1705 (   0.3190)     87.1393 (   0.1800)     31.6147 (   0.4961)     35.4091 (   0.4430)   2.62e-07   1.74e-07   1.74e-07   ok
 2900     50.3730 (   0.3340)     90.9440 (   0.1850)     32.5519 (   0.5169)     36.5093 (   0.4609)   2.53e-07   2.10e-07   1.68e-07   ok
 3000     52.1926 (   0.3450)     91.8767 (   0.1960)     33.4615 (   0.5381)     38.8891 (   0.4630)   3.26e-07   2.44e-07   2.03e-07   ok
 3100     54.1575 (   0.3550)     99.0670 (   0.1941)     34.4030 (   0.5589)     35.4153 (   0.5429)   2.36e-07   2.36e-07   1.97e-07   ok
 3200     55.5079 (   0.3691)    101.3281 (   0.2022)     35.7579 (   0.5729)     41.3903 (   0.4950)   2.67e-07   1.91e-07   1.53e-07   ok
 3300     58.2407 (   0.3741)    103.7226 (   0.2100)     36.4353 (   0.5980)     37.4353 (   0.5820)   2.96e-07   2.22e-07   1.85e-07   ok
 3400     60.2490 (   0.3839)    104.6395 (   0.2210)     37.6702 (   0.6139)     39.1290 (   0.5910)   2.87e-07   2.15e-07   1.80e-07   ok
 3500     60.5002 (   0.4051)    106.0782 (   0.2310)     38.5269 (   0.6361)     40.7734 (   0.6011)   3.14e-07   2.09e-07   1.74e-07   ok
 3600     62.3547 (   0.4158)    110.2906 (   0.2351)     39.3439 (   0.6590)     38.9354 (   0.6659)   2.71e-07   2.37e-07   1.70e-07   ok
 3700     65.1936 (   0.4201)    113.1735 (   0.2420)     40.3907 (   0.6781)     41.0694 (   0.6669)   2.64e-07   2.31e-07   1.98e-07   ok
 3800     66.1011 (   0.4370)    115.5037 (   0.2501)     41.5085 (   0.6959)     38.8220 (   0.7441)   2.89e-07   2.89e-07   1.93e-07   ok
 3900     67.7407 (   0.4492)    111.9504 (   0.2718)     42.7836 (   0.7112)     38.6621 (   0.7870)   2.50e-07   2.19e-07   1.88e-07   ok
 4000     67.9753 (   0.4709)    113.4838 (   0.2820)     43.4892 (   0.7360)     42.5654 (   0.7520)   3.05e-07   2.14e-07   1.53e-07   ok
 4100     68.5026 (   0.4909)    114.3933 (   0.2940)     31.6320 (   1.0631)     43.4525 (   0.7739)   3.28e-07   2.08e-07   2.08e-07   ok
 4200     70.7168 (   0.4990)    112.7268 (   0.3130)     32.7674 (   1.0769)     42.6174 (   0.8280)   2.91e-07   2.33e-07   2.03e-07   ok
 4300     73.7014 (   0.5019)    114.1585 (   0.3240)     33.5949 (   1.1010)     40.2547 (   0.9189)   3.41e-07   2.55e-07   1.99e-07   ok
 4400     74.7540 (   0.5181)    111.9506 (   0.3459)     34.4008 (   1.1258)     43.6668 (   0.8869)   2.77e-07   2.77e-07   2.22e-07   ok
 4500     74.6188 (   0.5429)    114.7246 (   0.3531)     35.0685 (   1.1551)     46.8322 (   0.8650)   2.71e-07   2.44e-07   1.90e-07   ok
 4600     77.9375 (   0.5431)    116.6502 (   0.3629)     35.7155 (   1.1852)     45.6170 (   0.9279)   3.18e-07   2.39e-07   2.12e-07   ok
 4700     78.6355 (   0.5620)    114.4804 (   0.3860)     36.6147 (   1.2069)     45.6062 (   0.9689)   3.12e-07   2.60e-07   2.08e-07   ok
 4800     80.4469 (   0.5729)    118.1625 (   0.3901)     37.4349 (   1.2312)     46.3249 (   0.9949)   3.05e-07   2.29e-07   1.78e-07   ok
 4900     78.8460 (   0.6092)    114.3961 (   0.4199)     38.0313 (   1.2629)     48.0333 (   0.9999)   3.99e-07   2.24e-07   2.49e-07   ok
 5000     79.5137 (   0.6289)    117.3795 (   0.4261)     39.0391 (   1.2810)     49.2157 (   1.0161)   3.17e-07   2.44e-07   2.20e-07   ok
 5100     80.1728 (   0.6490)    117.4545 (   0.4430)     39.5991 (   1.3139)     50.9170 (   1.0219)   3.35e-07   2.15e-07   2.15e-07   ok
 5200     80.3654 (   0.6731)    117.3676 (   0.4609)     40.1259 (   1.3480)     49.1277 (   1.1010)   3.29e-07   2.58e-07   2.35e-07   ok
 5300     80.8509 (   0.6950)    118.5515 (   0.4740)     40.6907 (   1.3809)     49.4193 (   1.1370)   3.92e-07   2.53e-07   2.53e-07   ok
 5400     80.4528 (   0.7250)    122.0235 (   0.4780)     41.7290 (   1.3978)     49.2664 (   1.1840)   3.84e-07   2.49e-07   2.03e-07   ok
 5500     80.8800 (   0.7482)    120.5708 (   0.5019)     42.4915 (   1.4241)     49.0343 (   1.2341)   3.11e-07   2.66e-07   2.22e-07   ok
 5600     82.2230 (   0.7629)    123.0078 (   0.5100)     42.9995 (   1.4589)     47.8563 (   1.3108)   4.36e-07   3.05e-07   2.18e-07   ok
 5700     82.2800 (   0.7899)    122.1845 (   0.5319)     43.3239 (   1.5001)     51.0953 (   1.2720)   3.43e-07   2.57e-07   2.14e-07   ok
 5800     81.1738 (   0.8290)    121.0298 (   0.5560)     44.3010 (   1.5190)     49.6991 (   1.3540)   3.79e-07   2.53e-07   2.53e-07   ok
 5900     81.7171 (   0.8521)    123.0231 (   0.5660)     44.5820 (   1.5619)     52.5944 (   1.3239)   3.72e-07   3.31e-07   2.48e-07   ok
 6000     82.9781 (   0.8678)    125.9026 (   0.5720)     45.8679 (   1.5700)     51.4024 (   1.4009)   4.07e-07   2.85e-07   2.44e-07   ok
 6100     83.6301 (   0.8900)    124.8765 (   0.5960)     45.8027 (   1.6251)     50.5983 (   1.4710)   4.00e-07   2.80e-07   2.40e-07   ok
 6200     85.1399 (   0.9031)    126.8726 (   0.6061)     36.7365 (   2.0931)     51.2979 (   1.4989)   3.94e-07   2.76e-07   3.15e-07   ok
 6300     85.4495 (   0.9291)    127.8789 (   0.6208)     37.3818 (   2.1238)     52.2676 (   1.5190)   3.49e-07   2.71e-07   2.33e-07   ok
 6400     86.2578 (   0.9499)    124.6920 (   0.6571)     38.3582 (   2.1360)     52.1236 (   1.5719)   3.43e-07   2.67e-07   2.67e-07   ok
 6500     86.5836 (   0.9761)    125.9677 (   0.6709)     38.5046 (   2.1949)     52.0442 (   1.6239)   3.76e-07   3.00e-07   3.00e-07   ok
 6600     86.7877 (   1.0040)    126.2830 (   0.6900)     39.2676 (   2.2190)     52.3961 (   1.6630)   3.70e-07   2.96e-07   2.59e-07   ok
 6700     86.8390 (   1.0340)    128.2768 (   0.7000)     39.3338 (   2.2829)     51.7550 (   1.7350)   3.64e-07   2.55e-07   2.55e-07   ok
 6800     87.2574 (   1.0600)    130.0524 (   0.7112)     40.3019 (   2.2950)     52.4039 (   1.7650)   3.59e-07   3.95e-07   2.87e-07   ok
 6900     87.8661 (   1.0839)    130.4505 (   0.7300)     39.4508 (   2.4140)     52.4957 (   1.8141)   3.54e-07   3.18e-07   2.83e-07   ok
 7000     87.7482 (   1.1170)    130.3426 (   0.7520)     41.9063 (   2.3389)     52.3295 (   1.8730)   4.53e-07   3.14e-07   2.44e-07   ok
 7100     88.8320 (   1.1351)    131.3037 (   0.7679)     42.0156 (   2.3999)     53.7804 (   1.8749)   4.47e-07   3.09e-07   2.75e-07   ok
 7200     89.6385 (   1.1568)    132.9642 (   0.7799)     41.8118 (   2.4800)     54.0885 (   1.9171)   3.73e-07   2.71e-07   3.39e-07   ok
 7300     89.4180 (   1.1921)    132.2752 (   0.8059)     41.4740 (   2.5702)     52.5865 (   2.0270)   4.68e-07   3.01e-07   3.01e-07   ok
 7400     89.8713 (   1.2188)    133.2431 (   0.8221)     43.3458 (   2.5270)     51.3321 (   2.1338)   3.96e-07   2.97e-07   2.97e-07   ok
 7500     92.0106 (   1.2228)    132.3393 (   0.8502)     42.7466 (   2.6321)     54.0699 (   2.0809)   3.91e-07   2.93e-07   2.60e-07   ok
 7600     91.2598 (   1.2660)    132.6553 (   0.8709)     44.4537 (   2.5990)     52.2976 (   2.2092)   4.50e-07   3.21e-07   2.89e-07   ok
 7700     91.7251 (   1.2929)    131.9080 (   0.8991)     44.7365 (   2.6510)     51.0756 (   2.3220)   4.12e-07   3.17e-07   2.54e-07   ok
 7800     92.5527 (   1.3149)    132.4068 (   0.9191)     45.3271 (   2.6848)     51.5636 (   2.3601)   4.38e-07   3.13e-07   3.13e-07   ok
 7900     93.0182 (   1.3421)    133.4011 (   0.9358)     45.8774 (   2.7211)     51.9547 (   2.4028)   4.02e-07   3.09e-07   2.47e-07   ok
 8000     92.5755 (   1.3828)    134.0335 (   0.9551)     46.2320 (   2.7690)     53.9908 (   2.3711)   3.97e-07   3.36e-07   2.44e-07   ok
 8100     94.7572 (   1.3850)    134.4515 (   0.9761)     45.2557 (   2.8999)     53.1779 (   2.4679)   4.22e-07   3.92e-07   2.71e-07   ok
 8200     95.9875 (   1.4012)    134.6346 (   0.9990)     38.3493 (   3.5071)     54.6521 (   2.4610)   3.87e-07   2.98e-07   2.98e-07   ok
 8300     95.5623 (   1.4420)    134.0354 (   1.0281)     39.1705 (   3.5179)     54.7882 (   2.5151)   4.12e-07   3.53e-07   2.94e-07   ok
 8400     96.4750 (   1.4629)    135.2149 (   1.0438)     40.3497 (   3.4978)     53.7862 (   2.6240)   4.36e-07   3.78e-07   2.91e-07   ok
 8500     97.3107 (   1.4851)    133.4247 (   1.0831)     40.5613 (   3.5629)     55.0343 (   2.6259)   5.17e-07   3.45e-07   2.87e-07   ok
 8600     98.1638 (   1.5070)    134.7435 (   1.0979)     41.2782 (   3.5839)     53.8156 (   2.7490)   4.26e-07   3.12e-07   2.84e-07   ok
 8700     95.9515 (   1.5779)    134.1091 (   1.1289)     40.7526 (   3.7150)     55.2132 (   2.7421)   4.21e-07   3.37e-07   2.53e-07   ok
 8800     97.4775 (   1.5891)    134.9299 (   1.1480)     41.7055 (   3.7141)     54.9094 (   2.8210)   3.88e-07   3.05e-07   2.77e-07   ok
 8900     97.6254 (   1.6229)    134.7124 (   1.1761)     41.8263 (   3.7880)     54.5417 (   2.9049)   4.11e-07   3.29e-07   2.74e-07   ok
 9000     98.9736 (   1.6370)    134.3521 (   1.2059)     42.6935 (   3.7949)     54.7938 (   2.9569)   4.88e-07   3.80e-07   3.53e-07   ok
10000    101.1630 (   1.9772)    135.7076 (   1.4739)     46.8868 (   4.2660)     54.8294 (   3.6480)   4.88e-07   3.91e-07   3.66e-07   ok
12000    102.5344 (   2.8090)    139.8056 (   2.0602)     45.2220 (   6.3691)     56.0481 (   5.1389)   5.70e-07   4.48e-07   3.26e-07   ok
14000    109.5678 (   3.5779)    140.6213 (   2.7878)     45.6530 (   8.5871)     57.3221 (   6.8390)   5.58e-07   4.19e-07   3.84e-07   ok
16000    111.1891 (   4.6051)    139.4014 (   3.6731)     46.3468 (  11.0478)     57.5846 (   8.8918)   5.49e-07   4.27e-07   4.27e-07   ok
18000    111.7302 (   5.8000)    143.3425 (   4.5209)     46.0969 (  14.0581)     58.3926 (  11.0979)   6.51e-07   5.70e-07   4.61e-07   ok
20000    115.6310 (   6.9189)    144.2591 (   5.5459)     46.4573 (  17.2210)     57.3050 (  13.9611)   7.08e-07   5.13e-07   4.15e-07   ok
