
Sun Feb  7 19:05:49 EST 2016
numactl --interleave=all ../testing/testing_chemv -L -N 123 -N 1234 --range 10:90:1 --range 100:900:10 --range 1000:9000:100 --range 10000:20000:2000
% MAGMA 2.0.0 beta7 compiled for CUDA capability >= 3.5, 64-bit magma_int_t, 64-bit pointer.
% CUDA runtime 7000, driver 7050. OpenMP threads 16. MKL 11.2.2, MKL threads 16. 
% device 0: Tesla K40c, 745.0 MHz clock, 11519.6 MB memory, capability 3.5
% device 1: Tesla K40c, 745.0 MHz clock, 11519.6 MB memory, capability 3.5
% Sun Feb  7 19:05:50 2016
% Usage: ../testing/testing_chemv [options] [-h|--help]

% uplo = Lower
%   N   MAGMA Gflop/s (ms)    Atomics Gflop/s      CUBLAS Gflop/s       CPU Gflop/s   MAGMA error  Atomics    CUBLAS
%=====================================================================================================================
  123      2.51 (   0.05)      2.31 (   0.05)      1.75 (   0.07)      1.95 (   0.06)   3.92e-07   3.10e-07   3.10e-07   ok
 1234     62.24 (   0.20)     94.56 (   0.13)     34.17 (   0.36)     22.96 (   0.53)   1.48e-06   1.72e-06   1.84e-06   failed
   10      0.03 (   0.03)      0.03 (   0.03)      0.04 (   0.02)      0.48 (   0.00)   2.13e-07   2.13e-07   2.70e-07   ok
   11      0.04 (   0.03)      0.04 (   0.03)      0.05 (   0.02)      0.58 (   0.00)   1.94e-07   1.85e-07   1.23e-07   ok
   12      0.04 (   0.03)      0.04 (   0.03)      0.06 (   0.02)      0.68 (   0.00)   1.12e-07   1.12e-07   1.12e-07   ok
   13      0.05 (   0.03)      0.05 (   0.03)      0.07 (   0.02)      0.79 (   0.00)   1.64e-07   2.07e-07   1.64e-07   ok
   14      0.06 (   0.03)      0.06 (   0.03)      0.08 (   0.02)      0.91 (   0.00)   2.81e-07   2.46e-07   2.81e-07   ok
   15      0.06 (   0.03)      0.07 (   0.03)      0.09 (   0.02)      0.64 (   0.00)   1.42e-07   1.80e-07   2.84e-07   ok
   16      0.07 (   0.03)      0.08 (   0.03)      0.11 (   0.02)      1.17 (   0.00)   1.69e-07   1.69e-07   1.69e-07   ok
   17      0.07 (   0.04)      0.08 (   0.03)      0.11 (   0.02)      1.17 (   0.00)   1.59e-07   2.51e-07   1.59e-07   ok
   18      0.08 (   0.03)      0.09 (   0.03)      0.12 (   0.02)      1.47 (   0.00)   2.14e-07   2.18e-07   2.18e-07   ok
   19      0.09 (   0.03)      0.10 (   0.03)      0.13 (   0.02)      1.09 (   0.00)   2.04e-07   2.01e-07   1.25e-07   ok
   20      0.10 (   0.03)      0.11 (   0.03)      0.14 (   0.02)      1.80 (   0.00)   1.97e-07   2.13e-07   1.97e-07   ok
   21      0.11 (   0.03)      0.12 (   0.03)      0.16 (   0.02)      1.22 (   0.00)   2.03e-07   2.57e-07   2.57e-07   ok
   22      0.12 (   0.03)      0.13 (   0.03)      0.18 (   0.02)      1.33 (   0.00)   1.94e-07   2.33e-07   1.94e-07   ok
   23      0.13 (   0.03)      0.14 (   0.03)      0.19 (   0.02)      1.58 (   0.00)   1.71e-07   1.67e-07   2.49e-07   ok
   24      0.14 (   0.03)      0.15 (   0.03)      0.21 (   0.02)      2.57 (   0.00)   1.64e-07   2.44e-07   1.87e-07   ok
   25      0.15 (   0.04)      0.17 (   0.03)      0.22 (   0.02)      1.71 (   0.00)   2.56e-07   2.29e-07   2.16e-07   ok
   26      0.18 (   0.03)      0.18 (   0.03)      0.23 (   0.03)      1.85 (   0.00)   1.64e-07   1.55e-07   1.64e-07   ok
   27      0.18 (   0.03)      0.19 (   0.03)      0.26 (   0.02)      1.99 (   0.00)   2.15e-07   1.58e-07   2.23e-07   ok
   28      0.21 (   0.03)      0.21 (   0.03)      0.30 (   0.02)      2.13 (   0.00)   2.15e-07   2.46e-07   1.52e-07   ok
   29      0.22 (   0.03)      0.23 (   0.03)      0.31 (   0.02)      2.28 (   0.00)   2.94e-07   2.71e-07   2.21e-07   ok
   30      0.24 (   0.03)      0.24 (   0.03)      0.34 (   0.02)      2.64 (   0.00)   2.29e-07   2.29e-07   2.62e-07   ok
   31      0.26 (   0.03)      0.26 (   0.03)      0.35 (   0.02)      1.99 (   0.00)   1.54e-07   2.54e-07   1.54e-07   ok
   32      0.27 (   0.03)      0.29 (   0.03)      0.39 (   0.02)      2.77 (   0.00)   1.33e-07   2.46e-07   1.49e-07   ok
   33      0.27 (   0.03)      0.24 (   0.04)      0.37 (   0.02)      2.25 (   0.00)   2.55e-07   2.33e-07   2.08e-07   ok
   34      0.30 (   0.03)      0.26 (   0.04)      0.40 (   0.02)      3.38 (   0.00)   2.80e-07   2.31e-07   3.17e-07   ok
   35      0.33 (   0.03)      0.28 (   0.04)      0.42 (   0.02)      2.52 (   0.00)   2.25e-07   2.44e-07   2.44e-07   ok
   36      0.33 (   0.03)      0.28 (   0.04)      0.43 (   0.03)      2.66 (   0.00)   3.35e-07   2.37e-07   2.37e-07   ok
   37      0.36 (   0.03)      0.31 (   0.04)      0.44 (   0.03)      2.81 (   0.00)   2.31e-07   3.26e-07   2.13e-07   ok
   38      0.36 (   0.03)      0.33 (   0.04)      0.48 (   0.03)      2.96 (   0.00)   3.62e-07   3.17e-07   3.05e-07   ok
   39      0.40 (   0.03)      0.34 (   0.04)      0.49 (   0.03)      2.52 (   0.01)   2.19e-07   2.19e-07   1.96e-07   ok
   40      0.40 (   0.03)      0.36 (   0.04)      0.54 (   0.02)      4.28 (   0.00)   2.90e-07   3.02e-07   2.90e-07   ok
   41      0.42 (   0.03)      0.38 (   0.04)      0.56 (   0.03)      3.65 (   0.00)   3.12e-07   2.83e-07   2.83e-07   ok
   42      0.44 (   0.03)      0.41 (   0.04)      0.56 (   0.03)      2.92 (   0.01)   2.76e-07   2.72e-07   1.87e-07   ok
   43      0.44 (   0.04)      0.41 (   0.04)      0.59 (   0.03)      3.78 (   0.00)   2.81e-07   2.81e-07   2.88e-07   ok
   44      0.44 (   0.04)      0.43 (   0.04)      0.65 (   0.02)      3.95 (   0.00)   2.82e-07   2.68e-07   1.94e-07   ok
   45      0.51 (   0.03)      0.45 (   0.04)      0.64 (   0.03)      4.13 (   0.00)   3.42e-07   2.62e-07   2.12e-07   ok
   46      0.53 (   0.03)      0.47 (   0.04)      0.70 (   0.03)      3.49 (   0.01)   2.52e-07   2.62e-07   3.52e-07   ok
   47      0.52 (   0.04)      0.49 (   0.04)      0.73 (   0.03)      3.64 (   0.01)   2.19e-07   2.47e-07   2.72e-07   ok
   48      0.56 (   0.03)      0.51 (   0.04)      0.76 (   0.03)      3.80 (   0.01)   2.87e-07   3.55e-07   2.87e-07   ok
   49      0.58 (   0.03)      0.54 (   0.04)      0.73 (   0.03)      3.95 (   0.01)   2.81e-07   2.34e-07   2.37e-07   ok
   50      0.61 (   0.03)      0.55 (   0.04)      0.73 (   0.03)      4.11 (   0.01)   3.08e-07   2.75e-07   2.44e-07   ok
   51      0.62 (   0.03)      0.56 (   0.04)      0.82 (   0.03)      3.59 (   0.01)   3.74e-07   2.72e-07   2.70e-07   ok
   52      0.62 (   0.04)      0.58 (   0.04)      0.80 (   0.03)      4.45 (   0.01)   2.75e-07   2.23e-07   1.83e-07   ok
   53      0.64 (   0.04)      0.61 (   0.04)      0.85 (   0.03)      4.62 (   0.01)   2.62e-07   3.62e-07   3.62e-07   ok
   54      0.73 (   0.03)      0.61 (   0.04)      0.92 (   0.03)      4.79 (   0.01)   3.53e-07   3.00e-07   3.16e-07   ok
   55      0.71 (   0.04)      0.66 (   0.04)      0.92 (   0.03)      4.17 (   0.01)   2.54e-07   3.47e-07   2.50e-07   ok
   56      0.74 (   0.04)      0.66 (   0.04)      0.95 (   0.03)      5.15 (   0.01)   2.91e-07   2.07e-07   2.91e-07   ok
   57      0.79 (   0.03)      0.70 (   0.04)      0.99 (   0.03)      4.48 (   0.01)   2.24e-07   2.70e-07   2.70e-07   ok
   58      0.81 (   0.03)      0.71 (   0.04)      1.06 (   0.03)      3.99 (   0.01)   2.71e-07   2.71e-07   2.37e-07   ok
   59      0.86 (   0.03)      0.73 (   0.04)      1.06 (   0.03)      3.99 (   0.01)   2.74e-07   3.77e-07   4.34e-07   ok
   60      0.89 (   0.03)      0.76 (   0.04)      1.10 (   0.03)      5.90 (   0.01)   2.62e-07   2.62e-07   2.72e-07   ok
   61      0.85 (   0.04)      0.78 (   0.04)      1.09 (   0.03)      6.09 (   0.01)   2.50e-07   2.52e-07   2.25e-07   ok
   62      0.90 (   0.03)      0.81 (   0.04)      1.17 (   0.03)      4.40 (   0.01)   2.75e-07   2.54e-07   2.75e-07   ok
   63      0.95 (   0.03)      0.83 (   0.04)      1.21 (   0.03)      5.45 (   0.01)   2.71e-07   2.71e-07   3.03e-07   ok
   64      1.16 (   0.03)      0.91 (   0.04)      1.23 (   0.03)      5.63 (   0.01)   4.00e-07   3.77e-07   3.63e-07   ok
   65      0.94 (   0.04)      0.88 (   0.04)      1.23 (   0.03)      5.80 (   0.01)   3.16e-07   2.42e-07   2.93e-07   ok
   66      0.96 (   0.04)      0.92 (   0.04)      1.28 (   0.03)      5.15 (   0.01)   4.62e-07   3.66e-07   2.89e-07   ok
   67      1.02 (   0.04)      0.94 (   0.04)      1.32 (   0.03)      6.16 (   0.01)   3.42e-07   3.43e-07   3.43e-07   ok
   68      1.02 (   0.04)      0.94 (   0.04)      1.31 (   0.03)      6.34 (   0.01)   4.52e-07   3.55e-07   2.80e-07   ok
   69      1.05 (   0.04)      1.00 (   0.04)      1.31 (   0.03)      7.77 (   0.01)   2.76e-07   2.47e-07   3.36e-07   ok
   70      1.08 (   0.04)      1.02 (   0.04)      1.33 (   0.03)      5.79 (   0.01)   4.39e-07   4.49e-07   4.39e-07   ok
   71      1.08 (   0.04)      1.03 (   0.04)      1.37 (   0.03)      5.76 (   0.01)   6.65e-07   7.60e-07   7.99e-07   ok
   72      1.15 (   0.04)      1.06 (   0.04)      1.41 (   0.03)      7.10 (   0.01)   3.18e-07   3.28e-07   3.18e-07   ok
   73      1.18 (   0.04)      1.09 (   0.04)      1.45 (   0.03)      6.29 (   0.01)   3.77e-07   3.30e-07   3.30e-07   ok
   74      1.14 (   0.04)      1.12 (   0.04)      1.44 (   0.03)      5.51 (   0.01)   3.26e-07   3.14e-07   3.46e-07   ok
   75      1.24 (   0.04)      1.15 (   0.04)      1.54 (   0.03)      5.07 (   0.01)   3.22e-07   3.05e-07   3.26e-07   ok
   76      1.24 (   0.04)      1.18 (   0.04)      1.57 (   0.03)      6.59 (   0.01)   4.14e-07   3.05e-07   3.17e-07   ok
   77      1.27 (   0.04)      1.21 (   0.04)      1.62 (   0.03)      6.99 (   0.01)   4.03e-07   3.99e-07   3.22e-07   ok
   78      1.30 (   0.04)      1.24 (   0.04)      1.60 (   0.03)      6.94 (   0.01)   3.09e-07   4.18e-07   3.28e-07   ok
   79      1.33 (   0.04)      1.27 (   0.04)      1.64 (   0.03)      7.11 (   0.01)   3.05e-07   3.98e-07   3.24e-07   ok
   80      1.30 (   0.04)      1.30 (   0.04)      1.74 (   0.03)      6.43 (   0.01)   2.90e-07   3.81e-07   3.44e-07   ok
   81      1.40 (   0.04)      1.30 (   0.04)      1.72 (   0.03)      7.47 (   0.01)   3.16e-07   3.40e-07   3.16e-07   ok
   82      1.34 (   0.04)      1.38 (   0.04)      1.70 (   0.03)      6.76 (   0.01)   3.75e-07   3.97e-07   3.72e-07   ok
   83      1.40 (   0.04)      1.37 (   0.04)      1.76 (   0.03)      7.13 (   0.01)   4.11e-07   4.11e-07   4.69e-07   ok
   84      1.51 (   0.04)      1.43 (   0.04)      1.65 (   0.03)      7.09 (   0.01)   3.74e-07   2.87e-07   3.27e-07   ok
   85      1.59 (   0.04)      1.47 (   0.04)      1.90 (   0.03)      8.51 (   0.01)   4.23e-07   2.84e-07   2.69e-07   ok
   86      1.58 (   0.04)      1.50 (   0.04)      1.94 (   0.03)      8.42 (   0.01)   2.66e-07   2.74e-07   3.58e-07   ok
   87      1.67 (   0.04)      1.50 (   0.04)      1.93 (   0.03)      8.61 (   0.01)   3.62e-07   3.51e-07   2.77e-07   ok
   88      1.65 (   0.04)      1.54 (   0.04)      2.03 (   0.03)      6.95 (   0.01)   3.47e-07   4.36e-07   3.57e-07   ok
   89      1.47 (   0.04)      1.53 (   0.04)      2.02 (   0.03)      8.19 (   0.01)   2.71e-07   3.53e-07   3.46e-07   ok
   90      1.70 (   0.04)      1.57 (   0.04)      2.06 (   0.03)      7.27 (   0.01)   5.09e-07   3.42e-07   4.24e-07   ok
  100      1.94 (   0.04)      1.94 (   0.04)      2.32 (   0.04)     10.32 (   0.01)   2.41e-07   2.41e-07   2.16e-07   ok
  110      2.39 (   0.04)      2.34 (   0.04)      2.82 (   0.03)      8.95 (   0.01)   4.39e-07   3.47e-07   3.92e-07   ok
  120      2.91 (   0.04)      2.70 (   0.04)      3.16 (   0.04)     11.65 (   0.01)   4.26e-07   2.72e-07   2.84e-07   ok
  130      2.91 (   0.05)      3.19 (   0.04)      3.50 (   0.04)     11.25 (   0.01)   4.84e-07   5.01e-07   4.84e-07   ok
  140      3.52 (   0.05)      3.61 (   0.04)      4.05 (   0.04)     11.27 (   0.01)   4.39e-07   4.36e-07   5.45e-07   ok
  150      4.03 (   0.05)      3.95 (   0.05)      4.33 (   0.04)     13.15 (   0.01)   5.48e-07   6.12e-07   5.31e-07   ok
  160      4.49 (   0.05)      4.93 (   0.04)      5.16 (   0.04)     14.70 (   0.01)   4.98e-07   4.05e-07   4.77e-07   ok
  170      4.94 (   0.05)      5.20 (   0.04)      5.69 (   0.04)     11.12 (   0.02)   5.46e-07   6.35e-07   5.46e-07   ok
  180      5.45 (   0.05)      5.56 (   0.05)      5.80 (   0.05)     14.62 (   0.02)   5.36e-07   6.17e-07   5.24e-07   ok
  190      5.93 (   0.05)      6.07 (   0.05)      6.46 (   0.05)     14.53 (   0.02)   5.68e-07   4.89e-07   5.64e-07   ok
  200      5.98 (   0.05)      6.73 (   0.05)      6.86 (   0.05)     15.37 (   0.02)   6.15e-07   6.88e-07   5.35e-07   ok
  210      6.84 (   0.05)      7.57 (   0.05)      7.23 (   0.05)     16.02 (   0.02)   5.09e-07   4.11e-07   4.36e-07   ok
  220      7.37 (   0.05)      8.30 (   0.05)      7.94 (   0.05)     17.03 (   0.02)   6.33e-07   5.93e-07   5.81e-07   ok
  230      7.73 (   0.06)      8.89 (   0.05)      8.51 (   0.05)     15.81 (   0.03)   5.47e-07   6.77e-07   5.47e-07   ok
  240      8.42 (   0.06)      9.44 (   0.05)      9.09 (   0.05)     17.21 (   0.03)   5.55e-07   6.74e-07   5.55e-07   ok
  250      8.68 (   0.06)     10.09 (   0.05)      9.50 (   0.05)     15.29 (   0.03)   7.32e-07   6.13e-07   6.10e-07   ok
  260      9.09 (   0.06)     10.66 (   0.05)      9.88 (   0.06)     17.55 (   0.03)   8.24e-07   5.98e-07   8.30e-07   ok
  270      9.76 (   0.06)     11.77 (   0.05)     10.65 (   0.06)     17.82 (   0.03)   6.09e-07   8.09e-07   7.15e-07   ok
  280     10.17 (   0.06)     12.13 (   0.05)     11.07 (   0.06)     19.03 (   0.03)   5.69e-07   6.63e-07   6.74e-07   ok
  290     10.91 (   0.06)     12.50 (   0.05)     11.48 (   0.06)     18.30 (   0.04)   8.01e-07   8.44e-07   7.31e-07   ok
  300     11.50 (   0.06)     13.61 (   0.05)     12.09 (   0.06)     18.07 (   0.04)   8.15e-07   8.28e-07   8.28e-07   ok
  310     12.46 (   0.06)     14.86 (   0.05)     12.86 (   0.06)     18.41 (   0.04)   7.50e-07   7.94e-07   8.47e-07   ok
  320     13.70 (   0.06)     15.84 (   0.05)     13.28 (   0.06)     19.18 (   0.04)   7.64e-07   7.64e-07   6.69e-07   ok
  330     13.25 (   0.07)     15.96 (   0.05)     13.90 (   0.06)     18.26 (   0.05)   7.63e-07   7.75e-07   8.53e-07   ok
  340     14.07 (   0.07)     17.16 (   0.05)     14.27 (   0.07)     19.78 (   0.05)   9.91e-07   8.09e-07   8.09e-07   ok
  350     14.23 (   0.07)     16.19 (   0.06)     15.12 (   0.07)     18.59 (   0.05)   7.45e-07   8.27e-07   7.03e-07   ok
  360     15.11 (   0.07)     18.27 (   0.06)     15.54 (   0.07)     19.32 (   0.05)   9.13e-07   7.58e-07   7.82e-07   ok
  370     15.96 (   0.07)     19.63 (   0.06)     16.13 (   0.07)     19.30 (   0.06)   6.91e-07   7.05e-07   7.70e-07   ok
  380     16.60 (   0.07)     19.69 (   0.06)     16.60 (   0.07)     20.35 (   0.06)   1.22e-06   8.04e-07   8.83e-07   ok
  390     16.96 (   0.07)     21.08 (   0.06)     17.19 (   0.07)     18.23 (   0.07)   1.02e-06   8.75e-07   8.75e-07   ok
  400     12.22 (   0.11)     21.38 (   0.06)     18.08 (   0.07)     20.03 (   0.06)   9.92e-07   8.53e-07   8.39e-07   ok
  410     18.26 (   0.07)     22.11 (   0.06)     18.50 (   0.07)     20.44 (   0.07)   8.22e-07   8.93e-07   8.22e-07   ok
  420     18.86 (   0.08)     23.20 (   0.06)     18.62 (   0.08)     21.14 (   0.07)   6.70e-07   7.41e-07   6.89e-07   ok
  430     19.04 (   0.08)     23.95 (   0.06)     19.52 (   0.08)     19.52 (   0.08)   8.70e-07   9.99e-07   9.23e-07   ok
  440     20.50 (   0.08)     24.60 (   0.06)     20.18 (   0.08)     21.03 (   0.07)   8.69e-07   8.09e-07   8.12e-07   ok
  450     20.05 (   0.08)     24.61 (   0.07)     19.82 (   0.08)     20.60 (   0.08)   8.92e-07   7.58e-07   7.53e-07   ok
  460     21.26 (   0.08)     26.58 (   0.06)     20.95 (   0.08)     21.20 (   0.08)   1.01e-06   8.31e-07   8.68e-07   ok
  470     21.87 (   0.08)     26.84 (   0.07)     21.06 (   0.08)     20.60 (   0.09)   7.93e-07   8.60e-07   8.47e-07   ok
  480     22.03 (   0.08)     28.51 (   0.06)     22.03 (   0.08)     21.48 (   0.09)   8.04e-07   8.65e-07   9.26e-07   ok
  490     22.89 (   0.08)     28.76 (   0.07)     22.14 (   0.09)     21.15 (   0.09)   1.07e-06   9.26e-07   9.34e-07   ok
  500     23.90 (   0.08)     29.42 (   0.07)     22.74 (   0.09)     21.57 (   0.09)   8.54e-07   7.55e-07   7.55e-07   ok
  510     24.59 (   0.08)     30.71 (   0.07)     23.98 (   0.09)     20.84 (   0.10)   9.81e-07   9.59e-07   9.81e-07   ok
  520     24.39 (   0.09)     30.95 (   0.07)     23.82 (   0.09)     21.72 (   0.10)   1.00e-06   9.46e-07   9.46e-07   ok
  530     25.90 (   0.09)     32.71 (   0.07)     23.22 (   0.10)     20.64 (   0.11)   9.50e-07   1.05e-06   1.05e-06   ok
  540     26.59 (   0.09)     32.49 (   0.07)     25.16 (   0.09)     21.47 (   0.11)   1.29e-06   9.72e-07   1.24e-06   ok
  550     26.37 (   0.09)     34.62 (   0.07)     25.77 (   0.09)     21.25 (   0.11)   1.32e-06   1.14e-06   1.24e-06   ok
  560     26.78 (   0.09)     35.41 (   0.07)     25.92 (   0.10)     21.10 (   0.12)   1.42e-06   1.32e-06   1.31e-06   ok
  570     27.74 (   0.09)     35.26 (   0.07)     26.59 (   0.10)     21.18 (   0.12)   1.39e-06   1.50e-06   1.28e-06   ok
  580     27.01 (   0.10)     36.51 (   0.07)     26.95 (   0.10)     21.76 (   0.12)   9.60e-07   8.68e-07   9.60e-07   ok
  590     28.49 (   0.10)     37.77 (   0.07)     27.62 (   0.10)     21.18 (   0.13)   1.35e-06   1.45e-06   1.27e-06   ok
  600     29.46 (   0.10)     39.06 (   0.07)     28.29 (   0.10)     21.86 (   0.13)   1.13e-06   1.17e-06   1.12e-06   ok
  610     29.24 (   0.10)     38.75 (   0.08)     28.19 (   0.11)     21.62 (   0.14)   1.10e-06   1.12e-06   1.12e-06   ok
  620     29.93 (   0.10)     40.03 (   0.08)     29.39 (   0.10)     22.03 (   0.14)   1.35e-06   1.21e-06   1.12e-06   ok
  630     30.27 (   0.11)     39.38 (   0.08)     29.21 (   0.11)     21.67 (   0.15)   8.12e-07   8.93e-07   8.93e-07   ok
  640     32.88 (   0.10)     43.19 (   0.08)     29.88 (   0.11)     22.33 (   0.15)   1.17e-06   1.30e-06   1.17e-06   ok
  650     31.37 (   0.11)     42.29 (   0.08)     29.98 (   0.11)     21.05 (   0.16)   1.17e-06   1.07e-06   1.05e-06   ok
  660     31.44 (   0.11)     43.09 (   0.08)     30.39 (   0.11)     22.13 (   0.16)   1.30e-06   1.21e-06   1.32e-06   ok
  670     32.12 (   0.11)     42.89 (   0.08)     31.32 (   0.11)     21.69 (   0.17)   1.48e-06   1.39e-06   1.56e-06   ok
  680     32.00 (   0.12)     43.68 (   0.08)     31.41 (   0.12)     22.18 (   0.17)   1.21e-06   1.27e-06   1.26e-06   ok
  690     32.34 (   0.12)     45.48 (   0.08)     31.77 (   0.12)     21.93 (   0.17)   1.24e-06   1.16e-06   1.24e-06   ok
  700     33.02 (   0.12)     44.65 (   0.09)     32.18 (   0.12)     21.71 (   0.18)   1.35e-06   1.21e-06   1.28e-06   ok
  710     33.97 (   0.12)     46.44 (   0.09)     32.60 (   0.12)     21.73 (   0.19)   1.25e-06   1.22e-06   1.13e-06   ok
  720     35.21 (   0.12)     48.28 (   0.09)     34.11 (   0.12)     22.61 (   0.18)   1.78e-06   1.54e-06   1.53e-06   ok
  730     35.34 (   0.12)     47.91 (   0.09)     33.12 (   0.13)     21.69 (   0.20)   1.78e-06   1.85e-06   1.93e-06   failed
  740     35.41 (   0.12)     48.84 (   0.09)     34.03 (   0.13)     22.18 (   0.20)   1.41e-06   1.33e-06   1.41e-06   ok
  750     36.94 (   0.12)     50.16 (   0.09)     34.96 (   0.13)     21.99 (   0.21)   1.06e-06   1.22e-06   1.17e-06   ok
  760     37.34 (   0.12)     51.37 (   0.09)     34.80 (   0.13)     21.94 (   0.21)   1.54e-06   1.72e-06   1.71e-06   ok
  770     37.68 (   0.13)     52.32 (   0.09)     35.16 (   0.14)     22.20 (   0.21)   1.04e-06   1.04e-06   1.11e-06   ok
  780     38.09 (   0.13)     53.13 (   0.09)     36.14 (   0.13)     22.48 (   0.22)   1.12e-06   1.28e-06   1.18e-06   ok
  790     38.50 (   0.13)     54.36 (   0.09)     36.24 (   0.14)     22.04 (   0.23)   1.52e-06   1.35e-06   1.42e-06   ok
  800     38.91 (   0.13)     56.47 (   0.09)     36.90 (   0.14)     22.79 (   0.23)   1.38e-06   1.30e-06   1.30e-06   ok
  810     39.53 (   0.13)     55.98 (   0.09)     37.26 (   0.14)     22.19 (   0.24)   1.30e-06   1.36e-06   1.23e-06   ok
  820     40.80 (   0.13)     57.22 (   0.09)     37.67 (   0.14)     22.27 (   0.24)   1.16e-06   1.15e-06   1.36e-06   ok
  830     41.50 (   0.13)     57.46 (   0.10)     38.85 (   0.14)     21.83 (   0.25)   1.28e-06   1.11e-06   1.12e-06   ok
  840     40.96 (   0.14)     58.28 (   0.10)     39.01 (   0.14)     22.33 (   0.25)   1.38e-06   1.38e-06   1.45e-06   ok
  850     41.66 (   0.14)     59.82 (   0.10)     39.36 (   0.15)     22.10 (   0.26)   1.01e-06   1.08e-06   1.08e-06   ok
  860     42.35 (   0.14)     60.34 (   0.10)     40.10 (   0.15)     22.36 (   0.27)   1.21e-06   1.07e-06   1.07e-06   ok
  870     43.64 (   0.14)     61.16 (   0.10)     39.88 (   0.15)     22.22 (   0.27)   1.19e-06   1.47e-06   1.12e-06   ok
  880     44.65 (   0.14)     62.72 (   0.10)     41.65 (   0.15)     22.00 (   0.28)   1.32e-06   1.18e-06   1.26e-06   ok
  890     45.05 (   0.14)     63.39 (   0.10)     41.47 (   0.15)     22.20 (   0.29)   1.24e-06   1.15e-06   1.26e-06   ok
  900     45.07 (   0.14)     64.97 (   0.10)     42.14 (   0.15)     22.15 (   0.29)   1.43e-06   1.32e-06   1.38e-06   ok
 1000     49.49 (   0.16)     73.53 (   0.11)     46.54 (   0.17)     22.64 (   0.35)   1.26e-06   1.39e-06   1.43e-06   ok
 1100     54.72 (   0.18)     82.13 (   0.12)     30.78 (   0.31)     22.80 (   0.43)   1.62e-06   1.48e-06   1.48e-06   ok
 1200     61.32 (   0.19)     92.33 (   0.12)     33.81 (   0.34)     22.36 (   0.52)   1.53e-06   1.53e-06   1.43e-06   ok
 1300     66.01 (   0.21)     98.05 (   0.14)     35.07 (   0.39)     23.54 (   0.58)   2.10e-06   2.18e-06   2.00e-06   failed
 1400     72.35 (   0.22)    109.91 (   0.14)     38.57 (   0.41)     23.46 (   0.67)   2.37e-06   2.09e-06   2.06e-06   failed
 1500     76.34 (   0.24)    117.71 (   0.15)     40.76 (   0.44)     23.52 (   0.77)   2.01e-06   1.73e-06   1.81e-06   failed
 1600     81.34 (   0.25)    125.89 (   0.16)     42.54 (   0.48)     22.21 (   0.92)   1.84e-06   1.98e-06   1.99e-06   failed
 1700     86.35 (   0.27)    132.23 (   0.17)     44.08 (   0.52)     19.70 (   1.17)   1.90e-06   2.09e-06   1.96e-06   failed
 1800     91.05 (   0.28)    138.08 (   0.19)     46.66 (   0.56)     17.99 (   1.44)   2.27e-06   2.32e-06   2.11e-06   failed
 1900     96.29 (   0.30)    147.48 (   0.20)     49.50 (   0.58)     17.34 (   1.67)   2.27e-06   2.08e-06   1.94e-06   failed
 2000    100.69 (   0.32)    149.74 (   0.21)     51.56 (   0.62)     17.13 (   1.87)   2.41e-06   2.20e-06   2.13e-06   failed
 2100    103.26 (   0.34)    155.55 (   0.23)     38.66 (   0.91)     17.13 (   2.06)   2.33e-06   2.47e-06   2.34e-06   failed
 2200    110.70 (   0.35)    164.32 (   0.24)     40.87 (   0.95)     16.86 (   2.30)   2.41e-06   2.62e-06   2.43e-06   failed
 2300    114.45 (   0.37)    170.13 (   0.25)     42.47 (   1.00)     17.55 (   2.41)   2.65e-06   2.50e-06   2.51e-06   failed
 2400    120.34 (   0.38)    179.40 (   0.26)     44.12 (   1.04)     17.28 (   2.67)   2.51e-06   2.74e-06   2.62e-06   failed
 2500    124.76 (   0.40)    182.63 (   0.27)     45.90 (   1.09)     17.29 (   2.89)   2.87e-06   2.60e-06   2.58e-06   failed
 2600    130.06 (   0.42)    191.85 (   0.28)     47.76 (   1.13)     17.24 (   3.14)   2.64e-06   2.72e-06   2.90e-06   failed
 2700    134.18 (   0.43)    195.80 (   0.30)     49.24 (   1.19)     17.55 (   3.32)   2.82e-06   2.94e-06   2.77e-06   failed
 2800    138.53 (   0.45)    199.85 (   0.31)     50.32 (   1.25)     17.70 (   3.55)   2.73e-06   2.55e-06   2.66e-06   failed
 2900    142.31 (   0.47)    208.37 (   0.32)     52.30 (   1.29)     18.28 (   3.68)   2.62e-06   2.53e-06   2.53e-06   failed
 3000    145.82 (   0.49)    215.66 (   0.33)     53.84 (   1.34)     17.49 (   4.12)   3.28e-06   2.94e-06   3.06e-06   failed
 3100    152.03 (   0.51)    222.95 (   0.34)     43.46 (   1.77)     17.07 (   4.51)   2.84e-06   2.84e-06   2.76e-06   failed
 3200    155.83 (   0.53)    232.90 (   0.35)     45.13 (   1.82)     17.71 (   4.63)   2.50e-06   2.83e-06   2.70e-06   failed
 3300    161.12 (   0.54)    228.77 (   0.38)     46.44 (   1.88)     17.74 (   4.91)   3.05e-06   2.75e-06   2.67e-06   failed
 3400    164.29 (   0.56)    241.48 (   0.38)     47.64 (   1.94)     17.81 (   5.20)   3.29e-06   3.45e-06   2.87e-06   failed
 3500    167.64 (   0.58)    247.57 (   0.40)     48.85 (   2.01)     17.77 (   5.52)   2.75e-06   2.74e-06   2.73e-06   failed
 3600    172.30 (   0.60)    246.35 (   0.42)     50.13 (   2.07)     16.44 (   6.31)   2.92e-06   3.01e-06   2.92e-06   failed
 3700    174.47 (   0.63)    255.45 (   0.43)     51.23 (   2.14)     17.86 (   6.13)   2.64e-06   2.66e-06   2.71e-06   failed
 3800    180.53 (   0.64)    255.65 (   0.45)     52.46 (   2.20)     17.72 (   6.52)   2.87e-06   3.09e-06   2.99e-06   failed
 3900    177.22 (   0.69)    252.50 (   0.48)     53.72 (   2.27)     17.93 (   6.79)   3.52e-06   3.90e-06   3.58e-06   failed
 4000    175.40 (   0.73)    262.37 (   0.49)     54.72 (   2.34)     17.59 (   7.28)   3.26e-06   3.19e-06   3.56e-06   failed
 4100    179.59 (   0.75)    265.28 (   0.51)     46.14 (   2.92)     17.97 (   7.49)   3.35e-06   3.85e-06   3.38e-06   failed
 4200    176.70 (   0.80)    259.02 (   0.55)     47.23 (   2.99)     17.82 (   7.92)   3.97e-06   3.47e-06   3.72e-06   failed
 4300    180.89 (   0.82)    258.71 (   0.57)     48.43 (   3.06)     17.94 (   8.25)   3.72e-06   4.09e-06   4.02e-06   failed
 4400    184.19 (   0.84)    255.64 (   0.61)     49.39 (   3.14)     18.05 (   8.58)   3.89e-06   4.00e-06   4.11e-06   failed
 4500    184.15 (   0.88)    254.38 (   0.64)     50.42 (   3.21)     17.92 (   9.04)   3.50e-06   3.78e-06   3.92e-06   failed
 4600    186.46 (   0.91)    254.29 (   0.67)     51.61 (   3.28)     16.77 (  10.10)   3.67e-06   4.01e-06   3.83e-06   failed
 4700    186.86 (   0.95)    257.27 (   0.69)     52.44 (   3.37)     17.87 (   9.89)   3.25e-06   3.96e-06   3.58e-06   failed
 4800    189.13 (   0.97)    260.82 (   0.71)     53.61 (   3.44)     16.83 (  10.96)   3.40e-06   3.51e-06   3.21e-06   failed
 4900    187.07 (   1.03)    259.63 (   0.74)     54.29 (   3.54)     17.88 (  10.75)   3.81e-06   3.63e-06   3.46e-06   failed
 5000    188.40 (   1.06)    260.84 (   0.77)     54.99 (   3.64)     17.64 (  11.34)   3.82e-06   3.93e-06   3.68e-06   failed
 5100    191.66 (   1.09)    257.90 (   0.81)     55.91 (   3.72)     17.68 (  11.78)   4.54e-06   4.33e-06   4.23e-06   failed
 5200    191.47 (   1.13)    258.20 (   0.84)     48.62 (   4.45)     17.26 (  12.54)   4.56e-06   3.60e-06   3.79e-06   failed
 5300    191.94 (   1.17)    262.04 (   0.86)     49.76 (   4.52)     17.82 (  12.62)   4.35e-06   4.20e-06   3.78e-06   failed
 5400    194.27 (   1.20)    259.81 (   0.90)     50.70 (   4.60)     17.99 (  12.97)   4.37e-06   4.19e-06   4.00e-06   failed
 5500    194.28 (   1.25)    260.00 (   0.93)     51.46 (   4.70)     17.94 (  13.49)   3.96e-06   4.21e-06   3.79e-06   failed
 5600    198.22 (   1.27)    268.37 (   0.94)     52.12 (   4.82)     17.86 (  14.05)   4.30e-06   4.23e-06   4.11e-06   failed
 5700    200.45 (   1.30)    262.64 (   0.99)     52.79 (   4.93)     17.82 (  14.59)   4.82e-06   4.57e-06   4.38e-06   failed
 5800    199.09 (   1.35)    267.61 (   1.01)     53.51 (   5.03)     17.96 (  14.99)   4.72e-06   4.16e-06   4.47e-06   failed
 5900    203.15 (   1.37)    266.56 (   1.04)     54.17 (   5.14)     18.07 (  15.42)   4.44e-06   4.57e-06   4.30e-06   failed
 6000    202.69 (   1.42)    269.76 (   1.07)     54.76 (   5.26)     18.14 (  15.88)   3.96e-06   4.19e-06   4.37e-06   failed
 6100    205.20 (   1.45)    266.80 (   1.12)     56.28 (   5.29)     17.88 (  16.65)   4.42e-06   4.36e-06   4.26e-06   failed
 6200    207.12 (   1.49)    270.98 (   1.14)     50.06 (   6.14)     17.99 (  17.09)   4.30e-06   3.72e-06   3.63e-06   failed
 6300    208.37 (   1.52)    271.91 (   1.17)     50.13 (   6.34)     17.94 (  17.71)   4.10e-06   3.97e-06   3.92e-06   failed
 6400    209.85 (   1.56)    271.57 (   1.21)     51.56 (   6.36)     19.63 (  16.70)   4.27e-06   4.06e-06   4.05e-06   failed
 6500    212.24 (   1.59)    276.25 (   1.22)     51.80 (   6.53)     18.00 (  18.78)   4.34e-06   4.60e-06   4.33e-06   failed
 6600    213.18 (   1.64)    274.91 (   1.27)     51.85 (   6.72)     18.11 (  19.25)   4.47e-06   4.21e-06   4.24e-06   failed
 6700    214.71 (   1.67)    273.98 (   1.31)     52.51 (   6.84)     18.11 (  19.84)   4.60e-06   3.92e-06   4.02e-06   failed
 6800    212.88 (   1.74)    275.89 (   1.34)     53.18 (   6.96)     18.16 (  20.37)   5.02e-06   4.63e-06   4.52e-06   failed
 6900    216.07 (   1.76)    277.31 (   1.37)     53.74 (   7.09)     18.00 (  21.17)   4.32e-06   4.04e-06   4.02e-06   failed
 7000    218.19 (   1.80)    278.26 (   1.41)     54.96 (   7.13)     18.11 (  21.65)   3.98e-06   4.41e-06   4.03e-06   failed
 7100    216.76 (   1.86)    283.29 (   1.42)     55.11 (   7.32)     18.08 (  22.31)   3.96e-06   4.29e-06   3.91e-06   failed
 7200    219.23 (   1.89)    282.76 (   1.47)     50.10 (   8.28)     17.71 (  23.42)   4.42e-06   4.70e-06   4.28e-06   failed
 7300    223.14 (   1.91)    284.65 (   1.50)     50.74 (   8.40)     17.67 (  24.14)   4.03e-06   3.88e-06   4.05e-06   failed
 7400    222.20 (   1.97)    284.49 (   1.54)     51.15 (   8.57)     17.91 (  24.46)   4.23e-06   4.36e-06   4.13e-06   failed
 7500    224.39 (   2.01)    282.23 (   1.59)     51.94 (   8.67)     17.97 (  25.05)   5.06e-06   4.69e-06   4.76e-06   failed
 7600    228.22 (   2.03)    281.63 (   1.64)     52.31 (   8.84)     17.87 (  25.87)   4.94e-06   5.63e-06   4.68e-06   failed
 7700    225.17 (   2.11)    280.73 (   1.69)     53.66 (   8.84)     16.44 (  28.86)   4.60e-06   4.57e-06   4.48e-06   failed
 7800    224.26 (   2.17)    283.87 (   1.71)     53.24 (   9.14)     17.82 (  27.32)   4.75e-06   4.47e-06   4.67e-06   failed
 7900    224.83 (   2.22)    282.47 (   1.77)     54.19 (   9.22)     17.83 (  28.00)   5.08e-06   4.45e-06   4.40e-06   failed
 8000    226.50 (   2.26)    282.77 (   1.81)     54.30 (   9.43)     17.73 (  28.88)   5.85e-06   5.49e-06   5.44e-06   failed
 8100    226.77 (   2.32)    284.08 (   1.85)     55.60 (   9.44)     17.26 (  30.41)   5.83e-06   5.85e-06   5.67e-06   failed
 8200    224.83 (   2.39)    286.92 (   1.88)     49.90 (  10.78)     16.65 (  32.32)   4.92e-06   4.59e-06   5.16e-06   failed
 8300    227.40 (   2.42)    285.61 (   1.93)     50.76 (  10.86)     17.03 (  32.37)   5.43e-06   5.51e-06   5.73e-06   failed
 8400    225.12 (   2.51)    286.44 (   1.97)     51.50 (  10.96)     16.65 (  33.90)   4.96e-06   5.60e-06   4.89e-06   failed
 8500    229.40 (   2.52)    284.63 (   2.03)     52.00 (  11.12)     17.78 (  32.51)   5.41e-06   5.41e-06   5.64e-06   failed
 8600    227.86 (   2.60)    286.32 (   2.07)     52.61 (  11.25)     17.80 (  33.25)   5.15e-06   4.98e-06   5.36e-06   failed
 8700    226.74 (   2.67)    289.05 (   2.10)     52.73 (  11.49)     18.19 (  33.30)   5.43e-06   5.18e-06   5.32e-06   failed
 8800    224.33 (   2.76)    285.81 (   2.17)     53.56 (  11.57)     17.92 (  34.58)   5.13e-06   5.60e-06   5.29e-06   failed
 8900    227.91 (   2.78)    287.04 (   2.21)     54.03 (  11.73)     17.85 (  35.50)   5.01e-06   4.99e-06   5.17e-06   failed
 9000    226.85 (   2.86)    283.02 (   2.29)     54.48 (  11.90)     17.94 (  36.13)   5.66e-06   5.96e-06   6.03e-06   failed
10000    234.22 (   3.42)    285.95 (   2.80)     54.54 (  14.67)     17.67 (  45.27)   5.57e-06   5.37e-06   5.49e-06   failed
12000    238.44 (   4.83)    291.02 (   3.96)     54.29 (  21.22)     17.40 (  66.22)   7.29e-06   6.05e-06   6.06e-06   failed
14000    248.44 (   6.31)    293.55 (   5.34)     54.85 (  28.59)     16.85 (  93.08)   6.63e-06   6.07e-06   7.14e-06   failed
16000    253.09 (   8.09)    291.10 (   7.04)     54.93 (  37.29)     15.65 ( 130.87)   6.96e-06   8.01e-06   7.32e-06   failed
18000    252.46 (  10.27)    296.09 (   8.75)     54.98 (  47.15)     16.55 ( 156.62)   8.14e-06   8.25e-06   7.92e-06   failed
20000    255.45 (  12.53)    294.49 (  10.87)     54.14 (  59.11)     17.20 ( 186.02)   8.79e-06   8.79e-06   9.47e-06   failed
Sun Feb  7 19:08:16 EST 2016

Sun Feb  7 19:08:17 EST 2016
numactl --interleave=all ../testing/testing_chemv -U -N 123 -N 1234 --range 10:90:1 --range 100:900:10 --range 1000:9000:100 --range 10000:20000:2000
% MAGMA 2.0.0 beta7 compiled for CUDA capability >= 3.5, 64-bit magma_int_t, 64-bit pointer.
% CUDA runtime 7000, driver 7050. OpenMP threads 16. MKL 11.2.2, MKL threads 16. 
% device 0: Tesla K40c, 745.0 MHz clock, 11519.6 MB memory, capability 3.5
% device 1: Tesla K40c, 745.0 MHz clock, 11519.6 MB memory, capability 3.5
% Sun Feb  7 19:08:18 2016
% Usage: ../testing/testing_chemv [options] [-h|--help]

% uplo = Upper
%   N   MAGMA Gflop/s (ms)    Atomics Gflop/s      CUBLAS Gflop/s       CPU Gflop/s   MAGMA error  Atomics    CUBLAS
%=====================================================================================================================
  123      2.72 (   0.05)      2.36 (   0.05)      1.80 (   0.07)      2.05 (   0.06)   4.39e-07   3.77e-07   3.72e-07   ok
 1234     63.24 (   0.19)     85.40 (   0.14)     33.88 (   0.36)     23.55 (   0.52)   1.69e-06   1.59e-06   1.98e-06   failed
   10      0.03 (   0.03)      0.03 (   0.03)      0.04 (   0.02)      0.48 (   0.00)   2.13e-07   1.07e-07   2.86e-07   ok
   11      0.04 (   0.03)      0.04 (   0.03)      0.05 (   0.02)      0.58 (   0.00)   1.94e-07   1.23e-07   1.73e-07   ok
   12      0.04 (   0.03)      0.04 (   0.03)      0.06 (   0.02)      1.36 (   0.00)   1.78e-07   1.59e-07   1.78e-07   ok
   13      0.05 (   0.03)      0.05 (   0.03)      0.07 (   0.02)      0.70 (   0.00)   2.07e-07   1.49e-07   1.51e-07   ok
   14      0.05 (   0.03)      0.06 (   0.03)      0.09 (   0.02)      0.91 (   0.00)   1.52e-07   1.52e-07   2.04e-07   ok
   15      0.07 (   0.03)      0.07 (   0.03)      0.10 (   0.02)      1.04 (   0.00)   1.95e-07   1.42e-07   1.80e-07   ok
   16      0.07 (   0.03)      0.08 (   0.03)      0.12 (   0.02)      1.17 (   0.00)   1.33e-07   2.40e-07   2.38e-07   ok
   17      0.08 (   0.03)      0.09 (   0.03)      0.11 (   0.02)      1.17 (   0.00)   1.59e-07   1.62e-07   1.59e-07   ok
   18      0.09 (   0.03)      0.10 (   0.03)      0.13 (   0.02)      0.98 (   0.00)   2.37e-07   2.12e-07   2.37e-07   ok
   19      0.10 (   0.03)      0.11 (   0.03)      0.13 (   0.02)      0.45 (   0.01)   3.17e-07   2.24e-07   2.24e-07   ok
   20      0.12 (   0.03)      0.12 (   0.03)      0.16 (   0.02)      1.80 (   0.00)   1.97e-07   1.55e-07   2.13e-07   ok
   21      0.12 (   0.03)      0.13 (   0.03)      0.16 (   0.02)      1.76 (   0.00)   2.84e-07   1.83e-07   2.75e-07   ok
   22      0.13 (   0.03)      0.14 (   0.03)      0.18 (   0.02)      1.93 (   0.00)   2.60e-07   3.57e-07   1.94e-07   ok
   23      0.15 (   0.03)      0.15 (   0.03)      0.20 (   0.02)      2.36 (   0.00)   2.99e-07   1.85e-07   2.52e-07   ok
   24      0.15 (   0.03)      0.16 (   0.03)      0.21 (   0.02)      2.28 (   0.00)   2.41e-07   2.38e-07   2.40e-07   ok
   25      0.16 (   0.03)      0.17 (   0.03)      0.22 (   0.02)      2.47 (   0.00)   2.36e-07   2.41e-07   2.41e-07   ok
   26      0.17 (   0.03)      0.19 (   0.03)      0.25 (   0.02)      2.67 (   0.00)   1.85e-07   1.64e-07   1.64e-07   ok
   27      0.18 (   0.03)      0.20 (   0.03)      0.26 (   0.02)      3.23 (   0.00)   2.23e-07   2.13e-07   2.55e-07   ok
   28      0.20 (   0.03)      0.21 (   0.03)      0.28 (   0.02)      2.13 (   0.00)   2.46e-07   2.28e-07   2.75e-07   ok
   29      0.22 (   0.03)      0.22 (   0.03)      0.28 (   0.03)      2.47 (   0.00)   1.97e-07   2.71e-07   1.47e-07   ok
   30      0.24 (   0.03)      0.24 (   0.03)      0.33 (   0.02)      2.44 (   0.00)   2.01e-07   1.42e-07   2.29e-07   ok
   31      0.26 (   0.03)      0.26 (   0.03)      0.32 (   0.03)      2.60 (   0.00)   1.95e-07   2.54e-07   2.63e-07   ok
   32      0.26 (   0.03)      0.24 (   0.04)      0.36 (   0.02)      2.77 (   0.00)   2.15e-07   2.46e-07   1.81e-07   ok
   33      0.27 (   0.03)      0.23 (   0.04)      0.35 (   0.03)      2.94 (   0.00)   2.33e-07   1.83e-07   2.38e-07   ok
   34      0.31 (   0.03)      0.24 (   0.04)      0.39 (   0.03)      2.38 (   0.00)   3.37e-07   2.31e-07   3.41e-07   ok
   35      0.32 (   0.03)      0.26 (   0.04)      0.41 (   0.03)      2.52 (   0.00)   3.31e-07   3.45e-07   3.31e-07   ok
   36      0.34 (   0.03)      0.28 (   0.04)      0.44 (   0.02)      3.77 (   0.00)   3.35e-07   3.18e-07   2.37e-07   ok
   37      0.36 (   0.03)      0.29 (   0.04)      0.47 (   0.02)      2.81 (   0.00)   2.31e-07   3.46e-07   2.92e-07   ok
   38      0.35 (   0.03)      0.31 (   0.04)      0.50 (   0.02)      3.15 (   0.00)   3.05e-07   2.37e-07   3.62e-07   ok
   39      0.37 (   0.03)      0.32 (   0.04)      0.50 (   0.03)      3.12 (   0.00)   3.09e-07   3.09e-07   1.97e-07   ok
   40      0.41 (   0.03)      0.35 (   0.04)      0.53 (   0.03)      4.28 (   0.00)   2.13e-07   2.13e-07   2.38e-07   ok
   41      0.41 (   0.03)      0.36 (   0.04)      0.56 (   0.02)      3.65 (   0.00)   3.35e-07   2.83e-07   2.33e-07   ok
   42      0.43 (   0.03)      0.36 (   0.04)      0.58 (   0.03)      3.61 (   0.00)   3.05e-07   2.76e-07   2.81e-07   ok
   43      0.48 (   0.03)      0.40 (   0.04)      0.61 (   0.03)      3.78 (   0.00)   4.70e-07   3.66e-07   3.75e-07   ok
   44      0.50 (   0.03)      0.43 (   0.04)      0.64 (   0.03)      3.95 (   0.00)   2.76e-07   2.68e-07   3.48e-07   ok
   45      0.54 (   0.03)      0.45 (   0.04)      0.67 (   0.03)      3.34 (   0.01)   2.68e-07   3.39e-07   3.06e-07   ok
   46      0.55 (   0.03)      0.46 (   0.04)      0.73 (   0.02)      4.58 (   0.00)   2.78e-07   2.62e-07   4.15e-07   ok
   47      0.55 (   0.03)      0.48 (   0.04)      0.76 (   0.02)      3.64 (   0.01)   3.42e-07   4.08e-07   2.57e-07   ok
   48      0.61 (   0.03)      0.51 (   0.04)      0.80 (   0.02)      3.99 (   0.00)   3.28e-07   3.20e-07   2.51e-07   ok
   49      0.62 (   0.03)      0.54 (   0.04)      0.79 (   0.03)      3.95 (   0.01)   3.90e-07   3.48e-07   3.40e-07   ok
   50      0.63 (   0.03)      0.50 (   0.04)      0.79 (   0.03)      4.11 (   0.01)   3.08e-07   3.15e-07   3.24e-07   ok
   51      0.65 (   0.03)      0.56 (   0.04)      0.82 (   0.03)      4.28 (   0.01)   2.92e-07   3.08e-07   3.08e-07   ok
   52      0.70 (   0.03)      0.60 (   0.04)      0.86 (   0.03)      5.83 (   0.00)   3.10e-07   3.69e-07   2.94e-07   ok
   53      0.70 (   0.03)      0.63 (   0.04)      0.92 (   0.03)      4.62 (   0.01)   3.86e-07   3.60e-07   3.60e-07   ok
   54      0.72 (   0.03)      0.63 (   0.04)      0.92 (   0.03)      4.02 (   0.01)   3.60e-07   2.55e-07   2.30e-07   ok
   55      0.76 (   0.03)      0.64 (   0.04)      0.96 (   0.03)      4.17 (   0.01)   2.94e-07   2.77e-07   4.04e-07   ok
   56      0.74 (   0.04)      0.66 (   0.04)      0.96 (   0.03)      4.32 (   0.01)   3.47e-07   2.81e-07   3.47e-07   ok
   57      0.79 (   0.03)      0.69 (   0.04)      0.99 (   0.03)      5.33 (   0.01)   2.76e-07   2.68e-07   2.76e-07   ok
   58      0.75 (   0.04)      0.71 (   0.04)      1.02 (   0.03)      5.51 (   0.01)   2.94e-07   2.63e-07   2.37e-07   ok
   59      0.79 (   0.04)      0.73 (   0.04)      1.02 (   0.03)      4.79 (   0.01)   2.76e-07   2.67e-07   2.04e-07   ok
   60      0.80 (   0.04)      0.74 (   0.04)      0.95 (   0.03)      4.76 (   0.01)   2.70e-07   3.18e-07   2.29e-07   ok
   61      0.90 (   0.03)      0.76 (   0.04)      1.12 (   0.03)      5.12 (   0.01)   3.26e-07   3.13e-07   3.15e-07   ok
   62      0.85 (   0.04)      0.79 (   0.04)      1.12 (   0.03)      6.29 (   0.01)   3.48e-07   2.75e-07   3.31e-07   ok
   63      0.90 (   0.04)      0.82 (   0.04)      1.16 (   0.03)      5.45 (   0.01)   3.09e-07   3.63e-07   3.09e-07   ok
   64      1.12 (   0.03)      0.93 (   0.04)      1.24 (   0.03)      4.85 (   0.01)   3.37e-07   4.00e-07   3.77e-07   ok
   65      0.94 (   0.04)      0.84 (   0.04)      1.19 (   0.03)      5.58 (   0.01)   2.95e-07   3.71e-07   3.52e-07   ok
   66      0.99 (   0.04)      0.87 (   0.04)      1.19 (   0.03)      4.98 (   0.01)   3.52e-07   3.66e-07   3.52e-07   ok
   67      0.99 (   0.04)      0.90 (   0.04)      1.22 (   0.03)      6.16 (   0.01)   5.09e-07   3.42e-07   2.90e-07   ok
   68      1.02 (   0.04)      0.94 (   0.04)      1.27 (   0.03)      5.47 (   0.01)   3.39e-07   3.39e-07   3.37e-07   ok
   69      1.02 (   0.04)      0.95 (   0.04)      1.30 (   0.03)      5.44 (   0.01)   5.10e-07   3.99e-07   4.46e-07   ok
   70      1.06 (   0.04)      0.93 (   0.04)      1.33 (   0.03)      4.94 (   0.01)   3.49e-07   4.37e-07   3.93e-07   ok
   71      1.14 (   0.04)      0.98 (   0.04)      1.38 (   0.03)      5.08 (   0.01)   4.43e-07   3.27e-07   3.27e-07   ok
   72      1.18 (   0.04)      1.03 (   0.04)      1.41 (   0.03)      6.12 (   0.01)   3.44e-07   4.25e-07   3.35e-07   ok
   73      1.12 (   0.04)      1.06 (   0.04)      1.40 (   0.03)      6.29 (   0.01)   5.23e-07   3.30e-07   4.25e-07   ok
   74      1.24 (   0.04)      1.12 (   0.04)      1.54 (   0.03)      8.93 (   0.01)   5.26e-07   4.16e-07   4.25e-07   ok
   75      1.27 (   0.04)      1.15 (   0.04)      1.53 (   0.03)      5.07 (   0.01)   3.67e-07   3.67e-07   3.67e-07   ok
   76      1.28 (   0.04)      1.15 (   0.04)      1.63 (   0.03)      6.59 (   0.01)   3.62e-07   4.02e-07   5.03e-07   ok
   77      1.39 (   0.03)      1.21 (   0.04)      1.68 (   0.03)      8.11 (   0.01)   4.43e-07   4.23e-07   4.23e-07   ok
   78      1.38 (   0.04)      1.18 (   0.04)      1.42 (   0.04)      6.31 (   0.01)   4.15e-07   3.53e-07   4.03e-07   ok
   79      1.38 (   0.04)      1.24 (   0.04)      1.81 (   0.03)      5.62 (   0.01)   4.13e-07   3.05e-07   3.09e-07   ok
   80      1.38 (   0.04)      1.30 (   0.04)      1.74 (   0.03)      7.54 (   0.01)   3.44e-07   3.84e-07   3.81e-07   ok
   81      1.37 (   0.04)      1.30 (   0.04)      1.72 (   0.03)      8.62 (   0.01)   3.83e-07   3.02e-07   4.71e-07   ok
   82      1.44 (   0.04)      1.31 (   0.04)      1.71 (   0.03)      9.19 (   0.01)   3.79e-07   3.79e-07   3.84e-07   ok
   83      1.44 (   0.04)      1.23 (   0.05)      1.74 (   0.03)      6.92 (   0.01)   4.95e-07   3.68e-07   4.60e-07   ok
   84      1.48 (   0.04)      1.41 (   0.04)      1.85 (   0.03)      5.74 (   0.01)   3.85e-07   3.74e-07   3.74e-07   ok
   85      1.50 (   0.04)      1.43 (   0.04)      1.84 (   0.03)      8.51 (   0.01)   3.81e-07   3.59e-07   2.84e-07   ok
   86      1.55 (   0.04)      1.43 (   0.04)      1.94 (   0.03)      5.49 (   0.01)   3.56e-07   3.59e-07   3.66e-07   ok
   87      1.67 (   0.04)      1.47 (   0.04)      1.93 (   0.03)      6.80 (   0.01)   5.37e-07   3.51e-07   3.57e-07   ok
   88      1.61 (   0.04)      1.54 (   0.04)      1.97 (   0.03)      7.77 (   0.01)   3.47e-07   2.74e-07   2.91e-07   ok
   89      1.70 (   0.04)      1.54 (   0.04)      2.02 (   0.03)      9.32 (   0.01)   3.66e-07   3.83e-07   4.29e-07   ok
   90      1.68 (   0.04)      1.61 (   0.04)      2.06 (   0.03)      8.37 (   0.01)   5.09e-07   4.43e-07   4.32e-07   ok
  100      2.20 (   0.04)      1.98 (   0.04)      2.32 (   0.04)      6.31 (   0.01)   3.89e-07   3.15e-07   4.58e-07   ok
  110      2.66 (   0.04)      2.22 (   0.04)      2.80 (   0.04)      9.80 (   0.01)   3.54e-07   4.16e-07   4.17e-07   ok
  120      3.06 (   0.04)      2.78 (   0.04)      3.24 (   0.04)     11.65 (   0.01)   4.52e-07   4.45e-07   3.83e-07   ok
  130      3.19 (   0.04)      3.05 (   0.04)      3.70 (   0.04)     11.25 (   0.01)   5.25e-07   4.84e-07   5.01e-07   ok
  140      3.44 (   0.05)      3.44 (   0.05)      4.05 (   0.04)     11.46 (   0.01)   4.41e-07   4.61e-07   4.46e-07   ok
  150      4.06 (   0.04)      3.77 (   0.05)      4.57 (   0.04)     12.92 (   0.01)   5.09e-07   5.09e-07   4.10e-07   ok
  160      4.59 (   0.05)      4.82 (   0.04)      5.16 (   0.04)     14.70 (   0.01)   5.33e-07   4.98e-07   4.98e-07   ok
  170      4.97 (   0.05)      4.84 (   0.05)      5.56 (   0.04)     13.04 (   0.02)   5.46e-07   5.40e-07   5.55e-07   ok
  180      5.68 (   0.05)      5.45 (   0.05)      5.96 (   0.04)     12.46 (   0.02)   6.99e-07   5.99e-07   6.99e-07   ok
  190      6.46 (   0.05)      5.96 (   0.05)      6.64 (   0.04)     15.45 (   0.02)   4.90e-07   5.02e-07   4.84e-07   ok
  200      6.35 (   0.05)      6.73 (   0.05)      7.19 (   0.04)     16.10 (   0.02)   5.35e-07   6.52e-07   5.39e-07   ok
  210      6.96 (   0.05)      7.27 (   0.05)      7.57 (   0.05)     16.20 (   0.02)   6.50e-07   6.54e-07   6.58e-07   ok
  220      7.23 (   0.05)      7.94 (   0.05)      8.13 (   0.05)     17.03 (   0.02)   6.28e-07   6.95e-07   6.94e-07   ok
  230      8.01 (   0.05)      7.60 (   0.06)      8.51 (   0.05)     16.39 (   0.03)   7.33e-07   7.99e-07   7.99e-07   ok
  240      8.61 (   0.05)      8.92 (   0.05)      9.09 (   0.05)     17.21 (   0.03)   6.36e-07   8.92e-07   6.76e-07   ok
  250      9.68 (   0.05)      9.63 (   0.05)      9.68 (   0.05)     17.88 (   0.03)   6.57e-07   6.22e-07   6.13e-07   ok
  260      9.39 (   0.06)     10.28 (   0.05)      9.88 (   0.06)     17.55 (   0.03)   7.07e-07   5.88e-07   5.93e-07   ok
  270     10.12 (   0.06)     10.25 (   0.06)     10.47 (   0.06)     16.73 (   0.04)   7.24e-07   5.90e-07   7.15e-07   ok
  280     10.71 (   0.06)     11.70 (   0.05)     11.25 (   0.06)     17.99 (   0.04)   6.68e-07   6.78e-07   6.74e-07   ok
  290     11.63 (   0.06)     12.28 (   0.06)     11.87 (   0.06)     17.73 (   0.04)   6.74e-07   7.39e-07   7.37e-07   ok
  300     12.29 (   0.06)     12.91 (   0.06)     12.24 (   0.06)     18.62 (   0.04)   7.41e-07   7.41e-07   7.19e-07   ok
  310     13.12 (   0.06)     12.86 (   0.06)     12.91 (   0.06)     19.29 (   0.04)   8.25e-07   7.88e-07   8.01e-07   ok
  320     14.21 (   0.06)     16.13 (   0.05)     13.75 (   0.06)     19.18 (   0.04)   9.54e-07   8.59e-07   9.54e-07   ok
  330     13.45 (   0.07)     15.04 (   0.06)     13.90 (   0.06)     19.52 (   0.04)   6.94e-07   6.63e-07   7.41e-07   ok
  340     13.30 (   0.07)     16.03 (   0.06)     14.27 (   0.07)     19.78 (   0.05)   8.09e-07   8.08e-07   8.13e-07   ok
  350     14.90 (   0.07)     15.40 (   0.06)     15.40 (   0.06)     20.14 (   0.05)   7.19e-07   8.04e-07   8.04e-07   ok
  360     15.54 (   0.07)     17.33 (   0.06)     15.76 (   0.07)     19.67 (   0.05)   9.17e-07   8.52e-07   8.73e-07   ok
  370     15.96 (   0.07)     18.38 (   0.06)     16.41 (   0.07)     19.63 (   0.06)   8.49e-07   8.50e-07   7.82e-07   ok
  380     17.56 (   0.07)     19.61 (   0.06)     17.07 (   0.07)     19.30 (   0.06)   8.87e-07   8.14e-07   9.08e-07   ok
  390     15.67 (   0.08)     17.19 (   0.07)     17.43 (   0.07)     20.66 (   0.06)   8.92e-07   8.75e-07   8.64e-07   ok
  400     12.36 (   0.10)     20.41 (   0.06)     18.33 (   0.07)     20.41 (   0.06)   9.56e-07   8.70e-07   8.93e-07   ok
  410     18.26 (   0.07)     21.44 (   0.06)     18.50 (   0.07)     20.74 (   0.07)   8.22e-07   8.21e-07   8.22e-07   ok
  420     18.39 (   0.08)     21.76 (   0.07)     19.16 (   0.07)     20.20 (   0.07)   9.47e-07   8.75e-07   8.75e-07   ok
  430     19.28 (   0.08)     20.62 (   0.07)     19.83 (   0.07)     20.96 (   0.07)   9.25e-07   9.33e-07   9.23e-07   ok
  440     20.43 (   0.08)     23.20 (   0.07)     20.43 (   0.08)     21.03 (   0.07)   1.11e-06   1.05e-06   1.11e-06   ok
  450     20.05 (   0.08)     23.27 (   0.07)     20.85 (   0.08)     20.85 (   0.08)   9.22e-07   9.87e-07   1.10e-06   ok
  460     20.41 (   0.08)     24.56 (   0.07)     21.46 (   0.08)     21.26 (   0.08)   8.93e-07   9.38e-07   8.85e-07   ok
  470     21.68 (   0.08)     23.91 (   0.07)     21.87 (   0.08)     20.43 (   0.09)   1.09e-06   1.04e-06   1.02e-06   ok
  480     22.03 (   0.08)     29.26 (   0.06)     23.08 (   0.08)     21.48 (   0.09)   8.33e-07   9.56e-07   8.94e-07   ok
  490     22.89 (   0.08)     26.32 (   0.07)     22.39 (   0.09)     21.21 (   0.09)   1.00e-06   1.00e-06   1.06e-06   ok
  500     23.84 (   0.08)     27.86 (   0.07)     23.63 (   0.08)     21.35 (   0.09)   9.53e-07   1.15e-06   1.12e-06   ok
  510     24.25 (   0.09)     26.13 (   0.08)     23.98 (   0.09)     21.30 (   0.10)   8.90e-07   9.11e-07   8.57e-07   ok
  520     24.39 (   0.09)     28.98 (   0.07)     24.39 (   0.09)     21.06 (   0.10)   9.99e-07   8.82e-07   9.39e-07   ok
  530     25.34 (   0.09)     30.49 (   0.07)     25.27 (   0.09)     21.05 (   0.11)   9.50e-07   8.56e-07   9.94e-07   ok
  540     25.68 (   0.09)     31.15 (   0.08)     25.68 (   0.09)     21.90 (   0.11)   1.17e-06   1.19e-06   1.19e-06   ok
  550     25.26 (   0.10)     27.29 (   0.09)     26.10 (   0.09)     21.47 (   0.11)   1.22e-06   1.01e-06   1.12e-06   ok
  560     26.25 (   0.10)     32.27 (   0.08)     26.44 (   0.10)     21.67 (   0.12)   1.20e-06   1.32e-06   1.20e-06   ok
  570     28.03 (   0.09)     33.84 (   0.08)     27.46 (   0.09)     21.90 (   0.12)   1.21e-06   1.10e-06   1.18e-06   ok
  580     27.27 (   0.10)     35.04 (   0.08)     28.15 (   0.10)     21.76 (   0.12)   1.16e-06   1.27e-06   1.16e-06   ok
  590     27.68 (   0.10)     30.98 (   0.09)     27.88 (   0.10)     21.85 (   0.13)   1.34e-06   1.45e-06   1.55e-06   ok
  600     28.03 (   0.10)     35.72 (   0.08)     28.83 (   0.10)     22.18 (   0.13)   1.12e-06   1.10e-06   1.19e-06   ok
  610     29.31 (   0.10)     35.06 (   0.09)     28.97 (   0.10)     21.65 (   0.14)   1.18e-06   1.13e-06   1.14e-06   ok
  620     29.39 (   0.10)     36.32 (   0.08)     29.65 (   0.10)     22.18 (   0.14)   1.28e-06   1.28e-06   1.19e-06   ok
  630     30.62 (   0.10)     34.23 (   0.09)     30.34 (   0.10)     21.92 (   0.15)   1.07e-06   1.07e-06   1.16e-06   ok
  640     31.89 (   0.10)     43.32 (   0.08)     30.68 (   0.11)     21.63 (   0.15)   1.15e-06   1.24e-06   1.15e-06   ok
  650     30.82 (   0.11)     38.51 (   0.09)     31.03 (   0.11)     22.13 (   0.15)   1.13e-06   1.05e-06   1.04e-06   ok
  660     31.78 (   0.11)     39.70 (   0.09)     31.78 (   0.11)     22.23 (   0.16)   1.20e-06   1.19e-06   1.21e-06   ok
  670     31.58 (   0.11)     36.03 (   0.10)     32.12 (   0.11)     22.23 (   0.16)   1.28e-06   1.28e-06   1.28e-06   ok
  680     33.08 (   0.11)     40.71 (   0.09)     32.81 (   0.11)     22.34 (   0.17)   1.26e-06   1.35e-06   1.26e-06   ok
  690     34.43 (   0.11)     42.47 (   0.09)     33.22 (   0.11)     22.17 (   0.17)   1.19e-06   1.35e-06   1.16e-06   ok
  700     34.76 (   0.11)     43.13 (   0.09)     33.56 (   0.12)     22.33 (   0.18)   1.52e-06   1.41e-06   1.40e-06   ok
  710     33.97 (   0.12)     36.14 (   0.11)     34.24 (   0.12)     22.33 (   0.18)   1.21e-06   1.39e-06   1.22e-06   ok
  720     35.21 (   0.12)     44.69 (   0.09)     34.93 (   0.12)     21.73 (   0.19)   1.27e-06   1.27e-06   1.28e-06   ok
  730     36.20 (   0.12)     45.83 (   0.09)     33.94 (   0.13)     22.01 (   0.19)   1.43e-06   1.42e-06   1.34e-06   ok
  740     35.96 (   0.12)     46.26 (   0.09)     34.87 (   0.13)     22.40 (   0.20)   1.66e-06   1.52e-06   1.59e-06   ok
  750     36.94 (   0.12)     40.67 (   0.11)     35.22 (   0.13)     22.54 (   0.20)   1.32e-06   1.26e-06   1.30e-06   ok
  760     38.61 (   0.12)     47.25 (   0.10)     36.16 (   0.13)     21.94 (   0.21)   1.29e-06   1.37e-06   1.27e-06   ok
  770     37.12 (   0.13)     47.92 (   0.10)     36.57 (   0.13)     22.30 (   0.21)   1.43e-06   1.43e-06   1.51e-06   ok
  780     37.46 (   0.13)     49.29 (   0.10)     36.39 (   0.13)     22.06 (   0.22)   1.33e-06   1.25e-06   1.41e-06   ok
  790     39.36 (   0.13)     44.26 (   0.11)     37.60 (   0.13)     22.13 (   0.23)   1.28e-06   1.47e-06   1.32e-06   ok
  800     40.44 (   0.13)     58.31 (   0.09)     38.28 (   0.13)     22.60 (   0.23)   1.53e-06   1.37e-06   1.60e-06   ok
  810     40.47 (   0.13)     52.02 (   0.10)     38.42 (   0.14)     22.67 (   0.23)   1.26e-06   1.29e-06   1.21e-06   ok
  820     41.47 (   0.13)     52.32 (   0.10)     39.04 (   0.14)     22.45 (   0.24)   1.36e-06   1.42e-06   1.42e-06   ok
  830     42.73 (   0.13)     47.94 (   0.12)     39.72 (   0.14)     22.44 (   0.25)   1.25e-06   1.35e-06   1.22e-06   ok
  840     41.04 (   0.14)     54.40 (   0.10)     40.06 (   0.14)     22.81 (   0.25)   1.37e-06   1.29e-06   1.32e-06   ok
  850     42.61 (   0.14)     54.70 (   0.11)     41.09 (   0.14)     21.94 (   0.26)   1.32e-06   1.50e-06   1.43e-06   ok
  860     43.61 (   0.14)     56.89 (   0.10)     41.43 (   0.14)     22.02 (   0.27)   1.19e-06   1.16e-06   1.21e-06   ok
  870     42.69 (   0.14)     45.27 (   0.13)     39.94 (   0.15)     17.43 (   0.35)   1.20e-06   1.40e-06   1.33e-06   ok
  880     43.67 (   0.14)     56.96 (   0.11)     40.04 (   0.15)     21.62 (   0.29)   1.39e-06   1.39e-06   1.36e-06   ok
  890     46.06 (   0.14)     59.43 (   0.11)     42.06 (   0.15)     22.20 (   0.29)   1.27e-06   1.24e-06   1.24e-06   ok
  900     45.07 (   0.14)     60.63 (   0.11)     43.56 (   0.15)     22.61 (   0.29)   1.24e-06   1.24e-06   1.37e-06   ok
 1000     50.99 (   0.16)     66.81 (   0.12)     48.28 (   0.17)     22.77 (   0.35)   1.53e-06   1.32e-06   1.44e-06   ok
 1100     54.72 (   0.18)     74.06 (   0.13)     31.06 (   0.31)     22.39 (   0.43)   1.35e-06   1.34e-06   1.46e-06   ok
 1200     62.02 (   0.19)     81.72 (   0.14)     33.93 (   0.34)     22.14 (   0.52)   2.06e-06   1.82e-06   2.04e-06   failed
 1300     64.44 (   0.21)     89.69 (   0.15)     35.07 (   0.39)     23.54 (   0.58)   1.88e-06   1.78e-06   1.88e-06   failed
 1400     72.99 (   0.22)    100.67 (   0.16)     38.66 (   0.41)     23.71 (   0.66)   1.92e-06   1.86e-06   1.86e-06   failed
 1500     77.04 (   0.23)    106.59 (   0.17)     41.05 (   0.44)     23.25 (   0.78)   2.00e-06   1.68e-06   1.72e-06   failed
 1600     82.99 (   0.25)    125.70 (   0.16)     42.35 (   0.48)     22.73 (   0.90)   2.14e-06   1.91e-06   1.86e-06   failed
 1700     87.60 (   0.26)    121.17 (   0.19)     44.58 (   0.52)     21.41 (   1.08)   2.16e-06   1.93e-06   2.13e-06   failed
 1800     90.37 (   0.29)    128.31 (   0.20)     46.98 (   0.55)     19.86 (   1.31)   1.97e-06   1.90e-06   2.03e-06   failed
 1900     98.00 (   0.29)    131.34 (   0.22)     49.66 (   0.58)     19.24 (   1.50)   2.03e-06   2.07e-06   2.06e-06   failed
 2000    100.99 (   0.32)    134.45 (   0.24)     52.24 (   0.61)     17.68 (   1.81)   2.38e-06   2.45e-06   2.27e-06   failed
 2100    106.30 (   0.33)    135.73 (   0.26)     39.32 (   0.90)     17.01 (   2.08)   2.10e-06   2.10e-06   2.16e-06   failed
 2200    111.31 (   0.35)    141.93 (   0.27)     40.54 (   0.96)     17.00 (   2.28)   2.00e-06   2.33e-06   1.90e-06   failed
 2300    116.32 (   0.36)    141.19 (   0.30)     41.76 (   1.01)     16.57 (   2.56)   2.33e-06   2.28e-06   2.56e-06   failed
 2400    120.72 (   0.38)    179.40 (   0.26)     43.99 (   1.05)     16.39 (   2.81)   2.71e-06   2.67e-06   2.75e-06   failed
 2500    123.58 (   0.40)    153.50 (   0.33)     46.03 (   1.09)     16.65 (   3.01)   3.04e-06   3.15e-06   2.94e-06   failed
 2600    129.10 (   0.42)    155.45 (   0.35)     46.88 (   1.15)     16.59 (   3.26)   2.45e-06   2.44e-06   2.45e-06   failed
 2700    133.52 (   0.44)    159.86 (   0.37)     49.45 (   1.18)     16.59 (   3.52)   2.81e-06   2.80e-06   2.90e-06   failed
 2800    132.40 (   0.47)    159.71 (   0.39)     49.81 (   1.26)     16.68 (   3.76)   3.14e-06   2.89e-06   3.23e-06   failed
 2900    145.39 (   0.46)    164.53 (   0.41)     52.63 (   1.28)     16.90 (   3.98)   3.03e-06   2.95e-06   2.95e-06   failed
 3000    149.21 (   0.48)    171.96 (   0.42)     54.61 (   1.32)     16.77 (   4.30)   2.65e-06   2.92e-06   2.77e-06   failed
 3100    152.03 (   0.51)    175.62 (   0.44)     43.23 (   1.78)     17.39 (   4.42)   3.07e-06   3.39e-06   3.23e-06   failed
 3200    156.68 (   0.52)    202.81 (   0.40)     44.30 (   1.85)     17.07 (   4.80)   3.16e-06   3.15e-06   2.85e-06   failed
 3300    162.62 (   0.54)    184.73 (   0.47)     46.24 (   1.88)     17.00 (   5.13)   3.85e-06   3.85e-06   4.00e-06   failed
 3400    164.64 (   0.56)    184.70 (   0.50)     47.52 (   1.95)     16.97 (   5.45)   2.96e-06   2.87e-06   2.95e-06   failed
 3500    170.84 (   0.57)    186.75 (   0.52)     48.68 (   2.01)     17.10 (   5.73)   2.93e-06   2.66e-06   2.86e-06   failed
 3600    169.74 (   0.61)    190.31 (   0.55)     49.91 (   2.08)     16.32 (   6.36)   3.42e-06   3.34e-06   3.80e-06   failed
 3700    177.29 (   0.62)    193.98 (   0.56)     51.39 (   2.13)     17.12 (   6.40)   2.87e-06   2.78e-06   3.11e-06   failed
 3800    179.19 (   0.64)    197.52 (   0.59)     52.65 (   2.19)     17.13 (   6.75)   2.70e-06   2.64e-06   2.83e-06   failed
 3900    186.13 (   0.65)    196.60 (   0.62)     53.84 (   2.26)     17.18 (   7.08)   3.01e-06   3.01e-06   3.20e-06   failed
 4000    185.84 (   0.69)    217.79 (   0.59)     54.91 (   2.33)     17.54 (   7.30)   3.19e-06   3.50e-06   3.35e-06   failed
 4100    185.79 (   0.72)    190.82 (   0.71)     47.69 (   2.82)     17.54 (   7.67)   3.16e-06   3.20e-06   3.25e-06   failed
 4200    190.51 (   0.74)    196.91 (   0.72)     46.90 (   3.01)     17.25 (   8.19)   2.94e-06   3.14e-06   3.05e-06   failed
 4300    193.16 (   0.77)    202.69 (   0.73)     48.01 (   3.08)     17.38 (   8.51)   4.10e-06   3.99e-06   3.66e-06   failed
 4400    200.44 (   0.77)    197.34 (   0.79)     48.81 (   3.17)     17.31 (   8.95)   3.93e-06   4.10e-06   4.22e-06   failed
 4500    203.32 (   0.80)    203.87 (   0.79)     50.34 (   3.22)     17.41 (   9.31)   3.64e-06   3.49e-06   3.36e-06   failed
 4600    211.19 (   0.80)    204.27 (   0.83)     51.20 (   3.31)     15.79 (  10.73)   3.72e-06   4.14e-06   3.93e-06   failed
 4700    208.98 (   0.85)    207.46 (   0.85)     52.02 (   3.40)     17.36 (  10.18)   3.53e-06   3.32e-06   3.45e-06   failed
 4800    213.39 (   0.86)    231.68 (   0.80)     53.27 (   3.46)     17.28 (  10.67)   3.75e-06   3.49e-06   4.00e-06   failed
 4900    217.34 (   0.88)    211.35 (   0.91)     54.31 (   3.54)     17.43 (  11.02)   4.77e-06   4.12e-06   4.09e-06   failed
 5000    217.89 (   0.92)    212.16 (   0.94)     55.40 (   3.61)     17.54 (  11.41)   3.91e-06   4.21e-06   4.11e-06   failed
 5100    224.54 (   0.93)    214.13 (   0.97)     55.88 (   3.73)     17.49 (  11.90)   3.84e-06   4.02e-06   4.12e-06   failed
 5200    225.88 (   0.96)    216.40 (   1.00)     48.07 (   4.50)     17.31 (  12.50)   3.98e-06   3.85e-06   3.95e-06   failed
 5300    225.23 (   1.00)    215.94 (   1.04)     49.22 (   4.57)     17.42 (  12.90)   4.05e-06   4.15e-06   3.98e-06   failed
 5400    229.69 (   1.02)    220.13 (   1.06)     50.30 (   4.64)     17.49 (  13.34)   4.03e-06   4.35e-06   4.22e-06   failed
 5500    226.23 (   1.07)    218.30 (   1.11)     50.83 (   4.76)     17.49 (  13.84)   4.02e-06   3.92e-06   3.92e-06   failed
 5600    235.21 (   1.07)    245.52 (   1.02)     51.96 (   4.83)     17.57 (  14.28)   4.29e-06   4.24e-06   4.10e-06   failed
 5700    236.80 (   1.10)    227.04 (   1.15)     52.89 (   4.92)     17.69 (  14.70)   4.77e-06   5.23e-06   4.91e-06   failed
 5800    241.20 (   1.12)    220.65 (   1.22)     53.98 (   4.99)     17.51 (  15.37)   4.00e-06   3.68e-06   3.88e-06   failed
 5900    244.98 (   1.14)    223.90 (   1.24)     54.50 (   5.11)     17.87 (  15.59)   3.98e-06   4.41e-06   4.33e-06   failed
 6000    248.77 (   1.16)    226.31 (   1.27)     55.54 (   5.19)     17.71 (  16.27)   4.32e-06   4.43e-06   4.41e-06   failed
 6100    245.26 (   1.21)    225.22 (   1.32)     55.91 (   5.33)     17.79 (  16.74)   4.43e-06   4.31e-06   4.45e-06   failed
 6200    251.93 (   1.22)    228.87 (   1.34)     49.58 (   6.20)     17.61 (  17.46)   4.39e-06   4.14e-06   4.38e-06   failed
 6300    255.29 (   1.24)    223.06 (   1.42)     49.94 (   6.36)     17.99 (  17.66)   4.73e-06   4.70e-06   4.44e-06   failed
 6400    254.91 (   1.29)    251.92 (   1.30)     50.96 (   6.43)     19.16 (  17.10)   4.45e-06   4.46e-06   4.65e-06   failed
 6500    256.51 (   1.32)    223.59 (   1.51)     51.72 (   6.54)     17.76 (  19.03)   4.66e-06   4.47e-06   4.30e-06   failed
 6600    262.24 (   1.33)    229.47 (   1.52)     52.71 (   6.61)     17.72 (  19.67)   4.92e-06   4.68e-06   4.92e-06   failed
 6700    268.03 (   1.34)    226.32 (   1.59)     53.08 (   6.77)     17.92 (  20.05)   4.93e-06   4.88e-06   4.53e-06   failed
 6800    264.83 (   1.40)    222.46 (   1.66)     53.98 (   6.86)     17.62 (  21.00)   4.60e-06   4.45e-06   4.74e-06   failed
 6900    273.66 (   1.39)    228.40 (   1.67)     54.07 (   7.05)     17.91 (  21.28)   4.67e-06   4.89e-06   4.82e-06   failed
 7000    270.04 (   1.45)    231.85 (   1.69)     55.39 (   7.08)     17.64 (  22.23)   4.26e-06   4.55e-06   4.46e-06   failed
 7100    274.60 (   1.47)    228.16 (   1.77)     56.22 (   7.17)     17.91 (  22.53)   4.55e-06   4.41e-06   4.72e-06   failed
 7200    278.24 (   1.49)    262.18 (   1.58)     49.93 (   8.31)     17.81 (  23.29)   4.22e-06   4.27e-06   4.23e-06   failed
 7300    276.34 (   1.54)    233.27 (   1.83)     50.93 (   8.37)     17.48 (  24.39)   5.24e-06   5.12e-06   5.05e-06   failed
 7400    278.54 (   1.57)    233.55 (   1.88)     51.69 (   8.48)     17.52 (  25.02)   4.60e-06   4.37e-06   4.52e-06   failed
 7500    277.82 (   1.62)    236.78 (   1.90)     52.17 (   8.63)     17.72 (  25.39)   5.21e-06   4.73e-06   4.96e-06   failed
 7600    287.78 (   1.61)    236.63 (   1.95)     52.87 (   8.74)     17.58 (  26.28)   4.72e-06   4.69e-06   5.04e-06   failed
 7700    286.97 (   1.65)    233.36 (   2.03)     53.61 (   8.85)     16.69 (  28.43)   4.32e-06   4.09e-06   4.32e-06   failed
 7800    289.09 (   1.68)    235.05 (   2.07)     54.32 (   8.96)     16.92 (  28.77)   4.46e-06   4.44e-06   4.60e-06   failed
 7900    284.54 (   1.75)    237.69 (   2.10)     54.72 (   9.13)     17.60 (  28.38)   4.46e-06   4.52e-06   4.59e-06   failed
 8000    285.28 (   1.80)    263.84 (   1.94)     55.41 (   9.24)     17.69 (  28.95)   5.27e-06   4.86e-06   4.44e-06   failed
 8100    287.83 (   1.82)    240.83 (   2.18)     56.06 (   9.37)     17.41 (  30.16)   4.34e-06   4.73e-06   4.32e-06   failed
 8200    281.69 (   1.91)    236.72 (   2.27)     51.54 (  10.44)     16.13 (  33.37)   4.80e-06   4.50e-06   4.70e-06   failed
 8300    283.71 (   1.94)    235.15 (   2.34)     50.99 (  10.81)     16.31 (  33.80)   5.24e-06   4.67e-06   4.83e-06   failed
 8400    275.83 (   2.05)    238.62 (   2.37)     51.84 (  10.89)     17.53 (  32.21)   5.19e-06   4.73e-06   5.06e-06   failed
 8500    284.49 (   2.03)    241.77 (   2.39)     52.51 (  11.01)     17.66 (  32.73)   5.19e-06   5.32e-06   5.76e-06   failed
 8600    277.18 (   2.14)    240.07 (   2.47)     53.13 (  11.14)     17.56 (  33.71)   5.26e-06   5.40e-06   5.18e-06   failed
 8700    282.21 (   2.15)    238.54 (   2.54)     53.54 (  11.31)     17.64 (  34.34)   5.61e-06   5.89e-06   5.39e-06   failed
 8800    271.06 (   2.29)    271.17 (   2.29)     54.14 (  11.45)     17.79 (  34.83)   5.56e-06   6.12e-06   5.77e-06   failed
 8900    273.99 (   2.31)    243.10 (   2.61)     54.83 (  11.56)     17.77 (  35.67)   5.21e-06   5.30e-06   5.21e-06   failed
 9000    275.19 (   2.36)    239.25 (   2.71)     55.31 (  11.72)     17.52 (  36.99)   5.86e-06   5.36e-06   5.32e-06   failed
10000    273.06 (   2.93)    246.20 (   3.25)     54.78 (  14.61)     17.44 (  45.89)   6.36e-06   6.46e-06   6.26e-06   failed
12000    272.96 (   4.22)    281.82 (   4.09)     55.21 (  20.87)     17.47 (  65.96)   6.27e-06   6.43e-06   6.34e-06   failed
14000    292.80 (   5.36)    251.79 (   6.23)     55.43 (  28.29)     16.95 (  92.53)   6.79e-06   6.49e-06   6.86e-06   failed
16000    295.56 (   6.93)    286.86 (   7.14)     55.23 (  37.08)     15.47 ( 132.36)   8.87e-06   8.64e-06   9.27e-06   failed
18000    286.28 (   9.05)    260.26 (   9.96)     54.47 (  47.59)     16.31 ( 158.92)   7.91e-06   8.04e-06   8.33e-06   failed
20000    290.03 (  11.03)    292.17 (  10.95)     53.57 (  59.74)     17.22 ( 185.87)   9.58e-06   1.02e-05   9.49e-06   failed
Sun Feb  7 19:10:44 EST 2016
