
Sun Feb  7 19:02:50 EST 2016
numactl --interleave=all ../testing/testing_dsymv -L -N 123 -N 1234 --range 10:90:1 --range 100:900:10 --range 1000:9000:100 --range 10000:20000:2000
% MAGMA 2.0.0 beta7 compiled for CUDA capability >= 3.5, 64-bit magma_int_t, 64-bit pointer.
% CUDA runtime 7000, driver 7050. OpenMP threads 16. MKL 11.2.2, MKL threads 16. 
% device 0: Tesla K40c, 745.0 MHz clock, 11519.6 MB memory, capability 3.5
% device 1: Tesla K40c, 745.0 MHz clock, 11519.6 MB memory, capability 3.5
% Sun Feb  7 19:02:51 2016
% Usage: ../testing/testing_dsymv [options] [-h|--help]

% uplo = Lower
%   N   MAGMA Gflop/s (ms)    Atomics Gflop/s      CUBLAS Gflop/s       CPU Gflop/s   MAGMA error  Atomics    CUBLAS
%=====================================================================================================================
  123      0.65 (   0.05)      0.55 (   0.06)      0.45 (   0.07)      0.44 (   0.07)   2.31e-16   2.89e-16   2.89e-16   ok
 1234     16.29 (   0.19)     20.72 (   0.15)     12.86 (   0.24)      6.77 (   0.45)   1.01e-15   1.01e-15   1.01e-15   ok
   10      0.01 (   0.04)      0.01 (   0.03)      0.01 (   0.02)      0.08 (   0.00)   1.78e-16   8.88e-17   8.88e-17   ok
   11      0.01 (   0.03)      0.01 (   0.03)      0.01 (   0.02)      0.14 (   0.00)   4.04e-17   8.07e-17   8.07e-17   ok
   12      0.01 (   0.03)      0.01 (   0.03)      0.02 (   0.02)      0.10 (   0.00)   1.11e-16   3.70e-17   3.70e-17   ok
   13      0.01 (   0.03)      0.01 (   0.03)      0.02 (   0.02)      0.12 (   0.00)   6.83e-17   6.83e-17   6.83e-17   ok
   14      0.01 (   0.03)      0.01 (   0.03)      0.02 (   0.02)      0.22 (   0.00)   6.34e-17   6.34e-17   6.34e-17   ok
   15      0.02 (   0.03)      0.02 (   0.03)      0.02 (   0.02)      0.15 (   0.00)   1.18e-16   1.18e-16   1.18e-16   ok
   16      0.02 (   0.03)      0.02 (   0.03)      0.03 (   0.02)      0.29 (   0.00)   1.11e-16   1.11e-16   1.11e-16   ok
   17      0.02 (   0.03)      0.02 (   0.03)      0.03 (   0.02)      0.29 (   0.00)   1.04e-16   1.04e-16   1.57e-16   ok
   18      0.02 (   0.03)      0.02 (   0.03)      0.03 (   0.02)      0.24 (   0.00)   9.87e-17   1.48e-16   9.87e-17   ok
   19      0.02 (   0.04)      0.02 (   0.03)      0.03 (   0.02)      0.35 (   0.00)   4.67e-17   4.67e-17   4.67e-17   ok
   20      0.02 (   0.03)      0.03 (   0.03)      0.04 (   0.02)      0.44 (   0.00)   8.88e-17   8.88e-17   8.88e-17   ok
   21      0.03 (   0.03)      0.03 (   0.03)      0.04 (   0.02)      0.30 (   0.00)   8.46e-17   1.69e-16   8.46e-17   ok
   22      0.03 (   0.03)      0.03 (   0.03)      0.05 (   0.02)      0.33 (   0.00)   1.61e-16   1.61e-16   1.61e-16   ok
   23      0.03 (   0.03)      0.03 (   0.03)      0.05 (   0.02)      0.36 (   0.00)   1.54e-16   1.54e-16   1.54e-16   ok
   24      0.04 (   0.03)      0.04 (   0.03)      0.05 (   0.02)      0.42 (   0.00)   1.48e-16   1.48e-16   1.48e-16   ok
   25      0.04 (   0.03)      0.04 (   0.03)      0.05 (   0.02)      0.42 (   0.00)   7.11e-17   7.11e-17   7.11e-17   ok
   26      0.04 (   0.04)      0.04 (   0.03)      0.06 (   0.02)      0.49 (   0.00)   1.37e-16   1.37e-16   1.37e-16   ok
   27      0.04 (   0.03)      0.04 (   0.03)      0.07 (   0.02)      0.37 (   0.00)   1.32e-16   1.32e-16   1.32e-16   ok
   28      0.05 (   0.04)      0.05 (   0.03)      0.07 (   0.02)      0.57 (   0.00)   1.90e-16   1.90e-16   1.27e-16   ok
   29      0.05 (   0.03)      0.04 (   0.04)      0.07 (   0.02)      0.56 (   0.00)   1.23e-16   1.23e-16   1.23e-16   ok
   30      0.06 (   0.03)      0.06 (   0.03)      0.08 (   0.02)      0.65 (   0.00)   1.18e-16   1.18e-16   1.18e-16   ok
   31      0.06 (   0.03)      0.06 (   0.03)      0.09 (   0.02)      0.49 (   0.00)   1.15e-16   1.15e-16   1.15e-16   ok
   32      0.07 (   0.03)      0.06 (   0.03)      0.09 (   0.02)      0.68 (   0.00)   1.11e-16   1.11e-16   1.11e-16   ok
   33      0.06 (   0.04)      0.05 (   0.04)      0.09 (   0.03)      0.78 (   0.00)   1.61e-16   1.08e-16   1.08e-16   ok
   34      0.07 (   0.04)      0.06 (   0.04)      0.10 (   0.02)      0.62 (   0.00)   2.09e-16   2.09e-16   1.57e-16   ok
   35      0.08 (   0.03)      0.06 (   0.04)      0.10 (   0.02)      0.88 (   0.00)   1.02e-16   1.52e-16   1.02e-16   ok
   36      0.09 (   0.03)      0.07 (   0.04)      0.12 (   0.02)      0.70 (   0.00)   1.48e-16   1.48e-16   1.48e-16   ok
   37      0.09 (   0.03)      0.07 (   0.04)      0.12 (   0.02)      0.98 (   0.00)   1.44e-16   9.60e-17   1.44e-16   ok
   38      0.09 (   0.03)      0.07 (   0.04)      0.14 (   0.02)      0.73 (   0.00)   1.40e-16   9.35e-17   1.40e-16   ok
   39      0.10 (   0.03)      0.08 (   0.04)      0.11 (   0.03)      0.77 (   0.00)   1.37e-16   9.11e-17   9.11e-17   ok
   40      0.10 (   0.03)      0.08 (   0.04)      0.14 (   0.02)      1.06 (   0.00)   8.88e-17   1.33e-16   8.88e-17   ok
   41      0.11 (   0.03)      0.09 (   0.04)      0.14 (   0.02)      0.85 (   0.00)   1.73e-16   1.73e-16   1.73e-16   ok
   42      0.12 (   0.03)      0.09 (   0.04)      0.15 (   0.02)      0.89 (   0.00)   2.11e-16   1.27e-16   8.46e-17   ok
   43      0.12 (   0.03)      0.10 (   0.04)      0.16 (   0.02)      0.93 (   0.00)   1.65e-16   1.65e-16   1.65e-16   ok
   44      0.12 (   0.03)      0.10 (   0.04)      0.16 (   0.02)      1.38 (   0.00)   1.21e-16   1.61e-16   1.61e-16   ok
   45      0.13 (   0.03)      0.11 (   0.04)      0.17 (   0.02)      1.02 (   0.00)   1.18e-16   1.58e-16   1.18e-16   ok
   46      0.12 (   0.04)      0.11 (   0.04)      0.18 (   0.02)      1.13 (   0.00)   1.54e-16   1.54e-16   1.54e-16   ok
   47      0.14 (   0.03)      0.11 (   0.04)      0.17 (   0.03)      0.90 (   0.01)   1.51e-16   1.51e-16   1.51e-16   ok
   48      0.13 (   0.04)      0.12 (   0.04)      0.20 (   0.02)      1.16 (   0.00)   2.22e-16   2.22e-16   2.22e-16   ok
   49      0.14 (   0.04)      0.12 (   0.04)      0.20 (   0.03)      1.21 (   0.00)   1.45e-16   2.18e-16   1.45e-16   ok
   50      0.16 (   0.03)      0.12 (   0.04)      0.20 (   0.03)      1.02 (   0.01)   2.13e-16   2.13e-16   1.42e-16   ok
   51      0.16 (   0.03)      0.13 (   0.04)      0.20 (   0.03)      1.31 (   0.00)   2.09e-16   1.39e-16   1.39e-16   ok
   52      0.16 (   0.04)      0.13 (   0.04)      0.22 (   0.03)      1.10 (   0.01)   1.37e-16   1.37e-16   1.37e-16   ok
   53      0.16 (   0.04)      0.14 (   0.04)      0.23 (   0.03)      1.14 (   0.01)   1.34e-16   2.01e-16   1.34e-16   ok
   54      0.17 (   0.03)      0.14 (   0.04)      0.24 (   0.03)      1.19 (   0.01)   1.32e-16   1.32e-16   1.32e-16   ok
   55      0.19 (   0.03)      0.15 (   0.04)      0.25 (   0.02)      0.76 (   0.01)   1.29e-16   1.94e-16   1.29e-16   ok
   56      0.19 (   0.03)      0.16 (   0.04)      0.27 (   0.02)      1.58 (   0.00)   3.17e-16   1.90e-16   1.90e-16   ok
   57      0.19 (   0.04)      0.16 (   0.04)      0.26 (   0.03)      1.32 (   0.01)   1.87e-16   1.87e-16   1.87e-16   ok
   58      0.20 (   0.03)      0.17 (   0.04)      0.28 (   0.02)      1.37 (   0.01)   1.23e-16   1.23e-16   1.23e-16   ok
   59      0.20 (   0.04)      0.17 (   0.04)      0.28 (   0.03)      1.41 (   0.01)   1.81e-16   1.81e-16   1.20e-16   ok
   60      0.23 (   0.03)      0.17 (   0.04)      0.29 (   0.03)      1.81 (   0.00)   1.78e-16   1.18e-16   1.18e-16   ok
   61      0.23 (   0.03)      0.18 (   0.04)      0.30 (   0.03)      1.51 (   0.01)   2.33e-16   1.75e-16   1.75e-16   ok
   62      0.22 (   0.04)      0.19 (   0.04)      0.31 (   0.03)      1.56 (   0.01)   1.72e-16   1.72e-16   1.15e-16   ok
   63      0.23 (   0.04)      0.19 (   0.04)      0.32 (   0.03)      1.35 (   0.01)   1.13e-16   1.13e-16   1.13e-16   ok
   64      0.24 (   0.04)      0.21 (   0.04)      0.33 (   0.03)      1.66 (   0.01)   1.67e-16   1.11e-16   2.22e-16   ok
   65      0.21 (   0.04)      0.19 (   0.04)      0.33 (   0.03)      1.71 (   0.01)   2.19e-16   1.64e-16   1.64e-16   ok
   66      0.23 (   0.04)      0.20 (   0.04)      0.33 (   0.03)      1.48 (   0.01)   2.15e-16   2.69e-16   2.15e-16   ok
   67      0.23 (   0.04)      0.22 (   0.04)      0.32 (   0.03)      1.82 (   0.01)   1.59e-16   1.59e-16   1.59e-16   ok
   68      0.25 (   0.04)      0.21 (   0.04)      0.35 (   0.03)      1.57 (   0.01)   1.57e-16   1.57e-16   1.04e-16   ok
   69      0.24 (   0.04)      0.22 (   0.04)      0.37 (   0.03)      1.56 (   0.01)   1.54e-16   1.54e-16   1.54e-16   ok
   70      0.26 (   0.04)      0.24 (   0.04)      0.37 (   0.03)      1.67 (   0.01)   2.03e-16   2.54e-16   2.54e-16   ok
   71      0.27 (   0.04)      0.24 (   0.04)      0.39 (   0.03)      1.72 (   0.01)   2.50e-16   2.00e-16   2.00e-16   ok
   72      0.28 (   0.04)      0.24 (   0.04)      0.40 (   0.03)      1.76 (   0.01)   1.97e-16   1.97e-16   1.48e-16   ok
   73      0.26 (   0.04)      0.25 (   0.04)      0.39 (   0.03)      1.81 (   0.01)   1.95e-16   1.95e-16   1.95e-16   ok
   74      0.28 (   0.04)      0.25 (   0.04)      0.39 (   0.03)      1.61 (   0.01)   1.44e-16   1.92e-16   1.92e-16   ok
   75      0.28 (   0.04)      0.27 (   0.04)      0.40 (   0.03)      1.65 (   0.01)   2.37e-16   1.89e-16   1.89e-16   ok
   76      0.29 (   0.04)      0.27 (   0.04)      0.42 (   0.03)      1.69 (   0.01)   1.40e-16   2.34e-16   1.87e-16   ok
   77      0.29 (   0.04)      0.28 (   0.04)      0.42 (   0.03)      2.02 (   0.01)   2.77e-16   1.85e-16   1.85e-16   ok
   78      0.29 (   0.04)      0.29 (   0.04)      0.43 (   0.03)      1.78 (   0.01)   2.28e-16   2.73e-16   2.28e-16   ok
   79      0.30 (   0.04)      0.29 (   0.04)      0.43 (   0.03)      1.56 (   0.01)   1.80e-16   2.25e-16   1.80e-16   ok
   80      0.33 (   0.04)      0.29 (   0.04)      0.45 (   0.03)      1.87 (   0.01)   2.66e-16   1.78e-16   1.78e-16   ok
   81      0.32 (   0.04)      0.30 (   0.04)      0.48 (   0.03)      1.92 (   0.01)   2.63e-16   2.19e-16   1.75e-16   ok
   82      0.34 (   0.04)      0.30 (   0.05)      0.49 (   0.03)      1.97 (   0.01)   1.73e-16   1.73e-16   1.30e-16   ok
   83      0.35 (   0.04)      0.31 (   0.05)      0.50 (   0.03)      1.72 (   0.01)   1.71e-16   1.71e-16   1.71e-16   ok
   84      0.36 (   0.04)      0.32 (   0.04)      0.53 (   0.03)      1.81 (   0.01)   2.11e-16   2.11e-16   1.69e-16   ok
   85      0.37 (   0.04)      0.33 (   0.04)      0.50 (   0.03)      2.36 (   0.01)   1.67e-16   1.67e-16   2.09e-16   ok
   86      0.39 (   0.04)      0.34 (   0.04)      0.53 (   0.03)      1.85 (   0.01)   1.65e-16   2.07e-16   1.65e-16   ok
   87      0.39 (   0.04)      0.35 (   0.04)      0.55 (   0.03)      2.21 (   0.01)   2.45e-16   2.45e-16   2.45e-16   ok
   88      0.39 (   0.04)      0.35 (   0.04)      0.58 (   0.03)      2.63 (   0.01)   1.61e-16   1.61e-16   1.61e-16   ok
   89      0.39 (   0.04)      0.36 (   0.05)      0.55 (   0.03)      2.04 (   0.01)   2.40e-16   1.60e-16   1.60e-16   ok
   90      0.41 (   0.04)      0.36 (   0.05)      0.59 (   0.03)      2.08 (   0.01)   2.37e-16   2.37e-16   1.58e-16   ok
  100      0.50 (   0.04)      0.43 (   0.05)      0.68 (   0.03)      2.29 (   0.01)   1.78e-16   2.13e-16   2.13e-16   ok
  110      0.61 (   0.04)      0.53 (   0.05)      0.76 (   0.03)      2.44 (   0.01)   2.58e-16   2.58e-16   3.23e-16   ok
  120      0.67 (   0.04)      0.62 (   0.05)      0.91 (   0.03)      2.65 (   0.01)   2.37e-16   2.96e-16   2.37e-16   ok
  130      0.69 (   0.05)      0.71 (   0.05)      1.03 (   0.03)      3.11 (   0.01)   2.19e-16   2.73e-16   2.19e-16   ok
  140      0.84 (   0.05)      0.80 (   0.05)      1.16 (   0.03)      3.01 (   0.01)   3.05e-16   2.54e-16   3.05e-16   ok
  150      0.93 (   0.05)      0.89 (   0.05)      1.38 (   0.03)      3.02 (   0.02)   2.37e-16   2.37e-16   2.84e-16   ok
  160      1.12 (   0.05)      1.08 (   0.05)      1.57 (   0.03)      3.23 (   0.02)   2.22e-16   1.78e-16   1.78e-16   ok
  170      1.26 (   0.05)      1.14 (   0.05)      1.66 (   0.04)      2.00 (   0.03)   4.18e-16   4.18e-16   4.18e-16   ok
  180      1.31 (   0.05)      1.16 (   0.06)      1.76 (   0.04)      2.51 (   0.03)   2.37e-16   2.76e-16   2.37e-16   ok
  190      1.55 (   0.05)      1.37 (   0.05)      2.02 (   0.04)      2.27 (   0.03)   3.74e-16   3.74e-16   3.74e-16   ok
  200      1.43 (   0.06)      1.49 (   0.05)      2.07 (   0.04)      2.11 (   0.04)   5.68e-16   6.39e-16   5.68e-16   ok
  210      1.67 (   0.05)      1.67 (   0.05)      2.40 (   0.04)      2.55 (   0.03)   4.74e-16   4.74e-16   4.74e-16   ok
  220      1.87 (   0.05)      1.80 (   0.05)      2.57 (   0.04)      2.70 (   0.04)   4.52e-16   3.88e-16   3.88e-16   ok
  230      2.01 (   0.05)      1.90 (   0.06)      2.67 (   0.04)      2.72 (   0.04)   4.33e-16   4.33e-16   3.71e-16   ok
  240      2.06 (   0.06)      2.06 (   0.06)      2.82 (   0.04)      2.74 (   0.04)   3.55e-16   2.96e-16   3.55e-16   ok
  250      2.24 (   0.06)      2.20 (   0.06)      3.06 (   0.04)      3.06 (   0.04)   3.41e-16   3.41e-16   3.41e-16   ok
  260      2.30 (   0.06)      2.38 (   0.06)      3.16 (   0.04)      3.01 (   0.05)   3.83e-16   3.28e-16   3.28e-16   ok
  270      2.45 (   0.06)      2.61 (   0.06)      3.34 (   0.04)      2.99 (   0.05)   4.74e-16   4.21e-16   4.21e-16   ok
  280      2.62 (   0.06)      2.67 (   0.06)      3.73 (   0.04)      3.14 (   0.05)   4.57e-16   4.06e-16   3.55e-16   ok
  290      2.72 (   0.06)      2.81 (   0.06)      3.75 (   0.05)      3.39 (   0.05)   4.41e-16   3.43e-16   4.41e-16   ok
  300      2.96 (   0.06)      3.02 (   0.06)      3.61 (   0.05)      3.47 (   0.05)   6.63e-16   4.74e-16   4.74e-16   ok
  310      3.26 (   0.06)      3.21 (   0.06)      4.40 (   0.04)      3.95 (   0.05)   4.13e-16   4.58e-16   4.58e-16   ok
  320      3.37 (   0.06)      3.42 (   0.06)      4.56 (   0.05)      3.37 (   0.06)   4.00e-16   4.00e-16   3.55e-16   ok
  330      3.31 (   0.07)      3.47 (   0.06)      4.56 (   0.05)      3.65 (   0.06)   6.03e-16   5.17e-16   5.17e-16   ok
  340      3.41 (   0.07)      3.62 (   0.06)      4.81 (   0.05)      3.31 (   0.07)   5.02e-16   4.60e-16   5.02e-16   ok
  350      3.62 (   0.07)      3.83 (   0.06)      5.23 (   0.05)      4.17 (   0.06)   4.06e-16   4.06e-16   4.87e-16   ok
  360      3.83 (   0.07)      4.01 (   0.06)      5.09 (   0.05)      3.83 (   0.07)   6.32e-16   4.74e-16   5.53e-16   ok
  370      4.10 (   0.07)      4.16 (   0.07)      5.38 (   0.05)      3.81 (   0.07)   5.38e-16   5.38e-16   5.38e-16   ok
  380      4.32 (   0.07)      4.45 (   0.07)      5.78 (   0.05)      3.92 (   0.07)   5.98e-16   5.98e-16   6.73e-16   ok
  390      3.91 (   0.08)      4.43 (   0.07)      5.64 (   0.05)      4.85 (   0.06)   6.56e-16   5.83e-16   5.10e-16   ok
  400      2.69 (   0.12)      4.79 (   0.07)      6.06 (   0.05)      5.18 (   0.06)   8.53e-16   7.82e-16   7.11e-16   ok
  410      4.43 (   0.08)      4.82 (   0.07)      6.48 (   0.05)      4.82 (   0.07)   4.85e-16   4.85e-16   4.85e-16   ok
  420      4.77 (   0.07)      4.99 (   0.07)      6.53 (   0.05)      5.11 (   0.07)   6.77e-16   6.77e-16   5.41e-16   ok
  430      4.89 (   0.08)      5.29 (   0.07)      6.73 (   0.06)      5.89 (   0.06)   6.61e-16   7.27e-16   5.95e-16   ok
  440      5.10 (   0.08)      5.39 (   0.07)      7.05 (   0.06)      6.36 (   0.06)   5.17e-16   5.17e-16   5.17e-16   ok
  450      5.14 (   0.08)      5.47 (   0.07)      6.98 (   0.06)      5.49 (   0.07)   5.05e-16   5.05e-16   5.05e-16   ok
  460      5.17 (   0.08)      5.67 (   0.07)      7.06 (   0.06)      5.97 (   0.07)   8.65e-16   8.03e-16   7.41e-16   ok
  470      5.32 (   0.08)      5.91 (   0.07)      7.25 (   0.06)      6.15 (   0.07)   6.05e-16   6.05e-16   6.05e-16   ok
  480      5.76 (   0.08)      6.15 (   0.08)      7.69 (   0.06)      6.80 (   0.07)   6.51e-16   6.51e-16   6.51e-16   ok
  490      5.80 (   0.08)      6.25 (   0.08)      7.18 (   0.07)      6.43 (   0.07)   7.54e-16   7.54e-16   7.54e-16   ok
  500      6.11 (   0.08)      6.51 (   0.08)      7.84 (   0.06)      6.18 (   0.08)   8.53e-16   7.96e-16   8.53e-16   ok
  510      6.43 (   0.08)      6.77 (   0.08)      8.25 (   0.06)      7.24 (   0.07)   8.36e-16   7.80e-16   7.80e-16   ok
  520      6.23 (   0.09)      6.87 (   0.08)      8.09 (   0.07)      6.87 (   0.08)   7.65e-16   6.01e-16   5.47e-16   ok
  530      6.54 (   0.09)      7.03 (   0.08)      8.40 (   0.07)      6.86 (   0.08)   6.97e-16   6.44e-16   6.44e-16   ok
  540      6.71 (   0.09)      7.29 (   0.08)      8.48 (   0.07)      7.21 (   0.08)   6.84e-16   5.79e-16   5.26e-16   ok
  550      6.67 (   0.09)      7.39 (   0.08)      8.68 (   0.07)      7.87 (   0.08)   5.17e-16   5.17e-16   6.20e-16   ok
  560      7.14 (   0.09)      7.75 (   0.08)      8.73 (   0.07)      8.16 (   0.08)   5.58e-16   5.58e-16   6.09e-16   ok
  570      7.07 (   0.09)      7.73 (   0.08)      9.04 (   0.07)      7.32 (   0.09)   8.48e-16   6.98e-16   7.98e-16   ok
  580      6.88 (   0.10)      7.92 (   0.09)      9.36 (   0.07)      7.74 (   0.09)   6.86e-16   6.86e-16   6.37e-16   ok
  590      7.19 (   0.10)      8.22 (   0.08)      9.69 (   0.07)      8.10 (   0.09)   8.19e-16   8.19e-16   7.23e-16   ok
  600      7.52 (   0.10)      8.38 (   0.09)      9.85 (   0.07)      7.84 (   0.09)   7.58e-16   7.58e-16   7.58e-16   ok
  610      7.61 (   0.10)      8.29 (   0.09)      9.68 (   0.08)      7.61 (   0.10)   6.52e-16   5.13e-16   6.06e-16   ok
  620      7.55 (   0.10)      8.66 (   0.09)     10.12 (   0.08)      7.19 (   0.11)   5.96e-16   6.42e-16   5.96e-16   ok
  630      8.02 (   0.10)      8.64 (   0.09)     10.49 (   0.08)      8.53 (   0.09)   6.77e-16   7.22e-16   6.77e-16   ok
  640      8.04 (   0.10)      9.01 (   0.09)     10.82 (   0.08)      8.29 (   0.10)   5.77e-16   6.22e-16   5.77e-16   ok
  650      7.98 (   0.11)      9.10 (   0.09)     10.86 (   0.08)      7.91 (   0.11)   7.00e-16   6.12e-16   6.12e-16   ok
  660      8.17 (   0.11)      9.10 (   0.10)     11.16 (   0.08)      8.08 (   0.11)   7.32e-16   6.46e-16   6.46e-16   ok
  670      8.23 (   0.11)      9.38 (   0.10)     11.36 (   0.08)      8.65 (   0.10)   5.51e-16   5.51e-16   5.51e-16   ok
  680      8.50 (   0.11)      9.64 (   0.10)     11.60 (   0.08)      8.75 (   0.11)   5.85e-16   5.85e-16   6.69e-16   ok
  690      8.75 (   0.11)      9.73 (   0.10)     11.90 (   0.08)      8.44 (   0.11)   6.18e-16   5.77e-16   4.94e-16   ok
  700      9.01 (   0.11)      9.99 (   0.10)     12.25 (   0.08)      8.93 (   0.11)   6.50e-16   6.90e-16   7.31e-16   ok
  710      8.86 (   0.11)     10.20 (   0.10)     12.17 (   0.08)      9.54 (   0.11)   1.04e-15   9.61e-16   8.81e-16   ok
  720      9.19 (   0.11)     10.49 (   0.10)     12.34 (   0.08)      9.11 (   0.11)   9.47e-16   9.47e-16   9.47e-16   ok
  730      9.04 (   0.12)     10.46 (   0.10)     12.00 (   0.09)      8.68 (   0.12)   8.57e-16   7.79e-16   7.01e-16   ok
  740      9.39 (   0.12)     10.65 (   0.10)     12.47 (   0.09)      8.91 (   0.12)   7.68e-16   6.91e-16   6.91e-16   ok
  750      9.62 (   0.12)     10.84 (   0.10)     12.40 (   0.09)      9.62 (   0.12)   7.58e-16   7.58e-16   8.34e-16   ok
  760      9.72 (   0.12)     10.93 (   0.11)     12.84 (   0.09)      9.03 (   0.13)   6.73e-16   5.98e-16   5.98e-16   ok
  770      9.82 (   0.12)     11.09 (   0.11)     13.17 (   0.09)      8.72 (   0.14)   7.38e-16   5.91e-16   6.64e-16   ok
  780      9.75 (   0.12)     11.51 (   0.11)     12.97 (   0.09)      8.71 (   0.14)   1.02e-15   1.02e-15   9.47e-16   ok
  790      9.93 (   0.13)     11.57 (   0.11)     13.58 (   0.09)      8.99 (   0.14)   7.91e-16   7.20e-16   7.91e-16   ok
  800     10.34 (   0.12)     11.97 (   0.11)     14.07 (   0.09)      8.96 (   0.14)   8.53e-16   8.53e-16   7.82e-16   ok
  810     10.50 (   0.13)     12.03 (   0.11)     13.57 (   0.10)      9.26 (   0.14)   9.82e-16   8.42e-16   8.42e-16   ok
  820     10.86 (   0.12)     12.47 (   0.11)     14.19 (   0.09)      8.92 (   0.15)   8.32e-16   8.32e-16   8.32e-16   ok
  830     10.88 (   0.13)     12.21 (   0.11)     14.36 (   0.10)      9.01 (   0.15)   1.03e-15   9.59e-16   8.90e-16   ok
  840     10.70 (   0.13)     12.40 (   0.11)     14.56 (   0.10)      9.60 (   0.15)   7.44e-16   8.12e-16   8.80e-16   ok
  850     10.80 (   0.13)     12.80 (   0.11)     14.91 (   0.10)      9.34 (   0.15)   8.69e-16   9.36e-16   9.36e-16   ok
  860     11.23 (   0.13)     12.97 (   0.11)     15.26 (   0.10)      9.62 (   0.15)   9.91e-16   9.25e-16   1.06e-15   ok
  870     11.39 (   0.13)     13.30 (   0.11)     15.03 (   0.10)      9.96 (   0.15)   9.80e-16   7.84e-16   7.84e-16   ok
  880     11.66 (   0.13)     13.49 (   0.11)     15.52 (   0.10)      9.52 (   0.16)   8.40e-16   9.04e-16   9.04e-16   ok
  890     12.03 (   0.13)     13.66 (   0.12)     15.54 (   0.10)      9.84 (   0.16)   9.58e-16   8.94e-16   9.58e-16   ok
  900     11.43 (   0.14)     13.74 (   0.12)     16.04 (   0.10)      9.01 (   0.18)   1.01e-15   1.01e-15   1.01e-15   ok
 1000     12.90 (   0.16)     15.90 (   0.13)     17.28 (   0.12)     10.06 (   0.20)   1.08e-15   9.66e-16   1.02e-15   ok
 1100     14.17 (   0.17)     17.82 (   0.14)     11.99 (   0.20)      9.93 (   0.24)   1.09e-15   9.30e-16   9.82e-16   ok
 1200     16.01 (   0.18)     20.02 (   0.14)     12.82 (   0.22)     10.19 (   0.28)   9.47e-16   9.47e-16   9.00e-16   ok
 1300     17.07 (   0.20)     21.66 (   0.16)     13.49 (   0.25)      9.48 (   0.36)   8.31e-16   9.62e-16   1.01e-15   ok
 1400     18.87 (   0.21)     23.91 (   0.16)     15.03 (   0.26)     10.06 (   0.39)   1.14e-15   1.22e-15   1.06e-15   ok
 1500     20.11 (   0.22)     25.73 (   0.17)     15.91 (   0.28)      9.81 (   0.46)   1.29e-15   1.06e-15   1.21e-15   ok
 1600     21.09 (   0.24)     27.13 (   0.19)     16.47 (   0.31)      9.72 (   0.53)   1.28e-15   1.28e-15   1.28e-15   ok
 1700     22.15 (   0.26)     29.05 (   0.20)     17.06 (   0.34)     10.20 (   0.57)   1.20e-15   1.27e-15   1.27e-15   ok
 1800     23.65 (   0.27)     30.56 (   0.21)     18.01 (   0.36)      9.87 (   0.66)   1.14e-15   1.33e-15   1.26e-15   ok
 1900     25.81 (   0.28)     33.11 (   0.22)     19.47 (   0.37)      9.98 (   0.72)   1.56e-15   1.56e-15   1.62e-15   ok
 2000     26.66 (   0.30)     33.91 (   0.24)     20.31 (   0.39)     10.01 (   0.80)   1.53e-15   1.53e-15   1.48e-15   ok
 2100     27.85 (   0.32)     35.59 (   0.25)     15.35 (   0.57)     10.41 (   0.85)   1.57e-15   1.57e-15   1.52e-15   ok
 2200     29.18 (   0.33)     37.27 (   0.26)     16.09 (   0.60)     10.38 (   0.93)   1.65e-15   1.86e-15   1.71e-15   ok
 2300     30.77 (   0.34)     38.64 (   0.27)     16.70 (   0.63)     10.37 (   1.02)   1.58e-15   1.43e-15   1.43e-15   ok
 2400     32.01 (   0.36)     40.28 (   0.29)     17.54 (   0.66)     10.52 (   1.10)   1.47e-15   1.37e-15   1.47e-15   ok
 2500     33.26 (   0.38)     41.40 (   0.30)     18.28 (   0.68)     10.55 (   1.19)   1.64e-15   1.59e-15   1.59e-15   ok
 2600     33.39 (   0.41)     42.94 (   0.31)     18.81 (   0.72)     10.74 (   1.26)   1.62e-15   1.62e-15   1.49e-15   ok
 2700     35.48 (   0.41)     44.62 (   0.33)     19.66 (   0.74)     10.76 (   1.36)   1.39e-15   1.35e-15   1.52e-15   ok
 2800     36.39 (   0.43)     42.17 (   0.37)     20.03 (   0.78)     11.81 (   1.33)   1.54e-15   1.54e-15   1.62e-15   ok
 2900     37.56 (   0.45)     47.02 (   0.36)     20.98 (   0.80)     10.81 (   1.56)   1.72e-15   1.72e-15   1.65e-15   ok
 3000     38.89 (   0.46)     48.13 (   0.37)     21.53 (   0.84)     11.14 (   1.62)   1.67e-15   1.59e-15   1.59e-15   ok
 3100     39.55 (   0.49)     49.66 (   0.39)     17.43 (   1.10)     10.67 (   1.80)   2.05e-15   2.05e-15   2.13e-15   ok
 3200     40.98 (   0.50)     50.96 (   0.40)     18.08 (   1.13)     11.10 (   1.85)   1.85e-15   1.99e-15   1.71e-15   ok
 3300     43.06 (   0.51)     52.10 (   0.42)     18.56 (   1.17)     11.19 (   1.95)   2.00e-15   1.86e-15   1.86e-15   ok
 3400     43.56 (   0.53)     52.69 (   0.44)     19.05 (   1.21)     11.67 (   1.98)   1.94e-15   2.14e-15   2.01e-15   ok
 3500     44.48 (   0.55)     54.44 (   0.45)     19.59 (   1.25)     10.86 (   2.26)   2.01e-15   2.08e-15   2.21e-15   ok
 3600     45.65 (   0.57)     55.03 (   0.47)     20.18 (   1.29)     11.16 (   2.32)   2.21e-15   2.15e-15   2.15e-15   ok
 3700     46.26 (   0.59)     57.18 (   0.48)     20.68 (   1.32)     11.55 (   2.37)   2.09e-15   2.09e-15   2.03e-15   ok
 3800     47.83 (   0.60)     58.59 (   0.49)     21.15 (   1.37)     11.90 (   2.43)   2.21e-15   1.97e-15   2.09e-15   ok
 3900     47.83 (   0.64)     58.30 (   0.52)     21.66 (   1.41)     11.34 (   2.68)   2.16e-15   2.16e-15   2.10e-15   ok
 4000     47.27 (   0.68)     58.96 (   0.54)     22.23 (   1.44)     11.73 (   2.73)   2.22e-15   2.22e-15   2.16e-15   ok
 4100     47.16 (   0.71)     61.03 (   0.55)     18.17 (   1.85)     11.03 (   3.05)   1.94e-15   2.05e-15   2.05e-15   ok
 4200     47.68 (   0.74)     61.36 (   0.58)     18.89 (   1.87)     11.27 (   3.13)   1.84e-15   2.11e-15   2.11e-15   ok
 4300     47.78 (   0.77)     63.22 (   0.59)     19.49 (   1.90)     11.43 (   3.24)   2.54e-15   2.59e-15   2.54e-15   ok
 4400     48.96 (   0.79)     63.70 (   0.61)     19.77 (   1.96)     11.45 (   3.38)   2.22e-15   2.17e-15   2.17e-15   ok
 4500     48.41 (   0.84)     63.09 (   0.64)     20.29 (   2.00)     11.57 (   3.50)   2.37e-15   2.27e-15   2.27e-15   ok
 4600     50.03 (   0.85)     63.93 (   0.66)     20.77 (   2.04)     12.17 (   3.48)   2.22e-15   2.13e-15   2.13e-15   ok
 4700     49.54 (   0.89)     64.87 (   0.68)     21.11 (   2.09)     11.82 (   3.74)   2.90e-15   2.47e-15   2.47e-15   ok
 4800     50.15 (   0.92)     65.49 (   0.70)     21.45 (   2.15)     11.96 (   3.85)   2.27e-15   2.37e-15   2.46e-15   ok
 4900     50.04 (   0.96)     65.26 (   0.74)     21.90 (   2.19)     11.67 (   4.12)   2.27e-15   2.23e-15   2.32e-15   ok
 5000     50.21 (   1.00)     65.18 (   0.77)     22.34 (   2.24)     11.81 (   4.24)   2.32e-15   2.27e-15   2.27e-15   ok
 5100     51.47 (   1.01)     65.95 (   0.79)     22.68 (   2.29)     12.06 (   4.31)   2.14e-15   2.14e-15   2.10e-15   ok
 5200     51.42 (   1.05)     66.38 (   0.81)     19.73 (   2.74)     11.80 (   4.59)   2.54e-15   2.54e-15   2.45e-15   ok
 5300     50.59 (   1.11)     66.50 (   0.84)     20.08 (   2.80)     11.78 (   4.77)   2.15e-15   1.93e-15   2.19e-15   ok
 5400     51.71 (   1.13)     66.88 (   0.87)     20.29 (   2.88)     11.55 (   5.05)   2.11e-15   1.98e-15   1.94e-15   ok
 5500     51.90 (   1.17)     66.63 (   0.91)     20.77 (   2.91)     11.85 (   5.11)   1.98e-15   2.23e-15   2.03e-15   ok
 5600     53.21 (   1.18)     66.80 (   0.94)     21.23 (   2.95)     11.92 (   5.26)   2.19e-15   2.44e-15   2.44e-15   ok
 5700     53.62 (   1.21)     67.62 (   0.96)     21.44 (   3.03)     11.51 (   5.65)   2.55e-15   2.39e-15   2.47e-15   ok
 5800     52.81 (   1.27)     66.61 (   1.01)     21.83 (   3.08)     11.57 (   5.82)   2.43e-15   2.35e-15   2.20e-15   ok
 5900     53.60 (   1.30)     66.89 (   1.04)     21.42 (   3.25)     11.56 (   6.02)   2.54e-15   2.31e-15   2.31e-15   ok
 6000     53.86 (   1.34)     67.43 (   1.07)     22.57 (   3.19)     12.20 (   5.90)   2.80e-15   2.50e-15   2.58e-15   ok
 6100     54.13 (   1.37)     67.66 (   1.10)     22.77 (   3.27)     11.63 (   6.40)   2.53e-15   2.16e-15   2.16e-15   ok
 6200     55.08 (   1.40)     67.27 (   1.14)     20.19 (   3.81)     11.64 (   6.60)   2.49e-15   2.57e-15   2.49e-15   ok
 6300     55.33 (   1.43)     67.39 (   1.18)     20.63 (   3.85)     11.58 (   6.86)   2.53e-15   2.45e-15   2.67e-15   ok
 6400     55.14 (   1.49)     67.21 (   1.22)     20.59 (   3.98)     11.68 (   7.01)   2.98e-15   2.70e-15   2.49e-15   ok
 6500     56.27 (   1.50)     67.28 (   1.26)     21.03 (   4.02)     11.59 (   7.29)   2.59e-15   2.59e-15   2.52e-15   ok
 6600     56.51 (   1.54)     68.35 (   1.27)     21.40 (   4.07)     11.78 (   7.40)   2.82e-15   3.03e-15   3.17e-15   ok
 6700     56.93 (   1.58)     68.39 (   1.31)     21.55 (   4.17)     11.48 (   7.82)   3.67e-15   3.46e-15   3.60e-15   failed
 6800     56.85 (   1.63)     68.36 (   1.35)     21.91 (   4.22)     11.71 (   7.90)   3.21e-15   3.21e-15   3.34e-15   failed
 6900     57.23 (   1.66)     68.61 (   1.39)     22.17 (   4.30)     11.62 (   8.20)   3.23e-15   2.83e-15   3.03e-15   ok
 7000     58.03 (   1.69)     68.59 (   1.43)     22.56 (   4.34)     11.81 (   8.30)   2.99e-15   2.79e-15   2.73e-15   ok
 7100     57.98 (   1.74)     68.87 (   1.46)     22.63 (   4.46)     11.57 (   8.71)   2.82e-15   3.07e-15   2.82e-15   ok
 7200     58.68 (   1.77)     68.68 (   1.51)     20.52 (   5.05)     11.49 (   9.02)   3.16e-15   2.91e-15   2.97e-15   ok
 7300     58.92 (   1.81)     69.04 (   1.54)     20.59 (   5.18)     11.55 (   9.23)   3.05e-15   2.87e-15   2.68e-15   ok
 7400     59.08 (   1.85)     69.41 (   1.58)     21.08 (   5.20)     11.69 (   9.37)   3.13e-15   3.13e-15   3.01e-15   ok
 7500     59.16 (   1.90)     68.77 (   1.64)     21.31 (   5.28)     11.61 (   9.69)   2.97e-15   3.03e-15   3.27e-15   ok
 7600     60.42 (   1.91)     69.81 (   1.66)     21.58 (   5.35)     11.72 (   9.86)   3.23e-15   3.35e-15   3.29e-15   failed
 7700     60.08 (   1.97)     69.68 (   1.70)     21.82 (   5.44)     11.45 (  10.35)   2.78e-15   2.60e-15   2.66e-15   ok
 7800     60.07 (   2.03)     69.58 (   1.75)     22.09 (   5.51)     11.65 (  10.45)   2.62e-15   2.80e-15   3.09e-15   ok
 7900     59.19 (   2.11)     69.74 (   1.79)     21.89 (   5.70)     11.58 (  10.78)   2.88e-15   3.28e-15   3.22e-15   ok
 8000     59.26 (   2.16)     69.09 (   1.85)     22.44 (   5.70)     11.55 (  11.09)   2.90e-15   3.01e-15   3.30e-15   ok
 8100     60.01 (   2.19)     70.52 (   1.86)     22.68 (   5.79)     11.43 (  11.48)   3.26e-15   2.92e-15   2.92e-15   ok
 8200     59.56 (   2.26)     71.13 (   1.89)     20.60 (   6.53)     11.45 (  11.74)   3.33e-15   3.11e-15   3.33e-15   ok
 8300     60.30 (   2.29)     70.92 (   1.94)     21.03 (   6.55)     11.49 (  11.99)   3.51e-15   3.51e-15   3.34e-15   failed
 8400     59.26 (   2.38)     70.74 (   2.00)     21.17 (   6.67)     11.67 (  12.09)   2.92e-15   3.03e-15   2.87e-15   ok
 8500     60.85 (   2.38)     72.08 (   2.00)     21.31 (   6.78)     11.53 (  12.54)   3.69e-15   3.42e-15   3.37e-15   failed
 8600     60.36 (   2.45)     72.34 (   2.04)     21.70 (   6.82)     11.63 (  12.72)   2.86e-15   3.23e-15   3.07e-15   ok
 8700     60.10 (   2.52)     73.17 (   2.07)     21.82 (   6.94)     11.75 (  12.89)   3.55e-15   3.76e-15   3.66e-15   failed
 8800     59.12 (   2.62)     71.88 (   2.16)     21.35 (   7.26)     11.65 (  13.30)   3.36e-15   3.36e-15   3.57e-15   failed
 8900     60.15 (   2.63)     73.73 (   2.15)     22.31 (   7.10)     11.68 (  13.57)   3.37e-15   3.58e-15   3.27e-15   failed
 9000     59.98 (   2.70)     71.82 (   2.26)     22.37 (   7.24)     11.75 (  13.79)   4.19e-15   4.60e-15   4.50e-15   failed
10000     61.97 (   3.23)     72.50 (   2.76)     22.36 (   8.94)     11.82 (  16.92)   3.41e-15   3.59e-15   3.46e-15   failed
12000     63.02 (   4.57)     72.94 (   3.95)     22.08 (  13.04)     12.07 (  23.86)   3.87e-15   3.79e-15   4.24e-15   failed
14000     66.04 (   5.94)     74.04 (   5.30)     21.91 (  17.90)     12.00 (  32.66)   4.09e-15   3.90e-15   3.90e-15   failed
16000     66.91 (   7.65)     73.62 (   6.96)     22.53 (  22.72)     11.50 (  44.52)   4.72e-15   4.89e-15   4.77e-15   failed
18000     66.61 (   9.73)     74.82 (   8.66)     21.98 (  29.49)     11.98 (  54.08)   5.41e-15   5.10e-15   5.15e-15   failed
20000     68.25 (  11.72)     74.67 (  10.71)     21.32 (  37.53)     12.31 (  64.99)   5.32e-15   5.73e-15   5.87e-15   failed
Sun Feb  7 19:04:20 EST 2016

Sun Feb  7 19:04:20 EST 2016
numactl --interleave=all ../testing/testing_dsymv -U -N 123 -N 1234 --range 10:90:1 --range 100:900:10 --range 1000:9000:100 --range 10000:20000:2000
% MAGMA 2.0.0 beta7 compiled for CUDA capability >= 3.5, 64-bit magma_int_t, 64-bit pointer.
% CUDA runtime 7000, driver 7050. OpenMP threads 16. MKL 11.2.2, MKL threads 16. 
% device 0: Tesla K40c, 745.0 MHz clock, 11519.6 MB memory, capability 3.5
% device 1: Tesla K40c, 745.0 MHz clock, 11519.6 MB memory, capability 3.5
% Sun Feb  7 19:04:22 2016
% Usage: ../testing/testing_dsymv [options] [-h|--help]

% uplo = Upper
%   N   MAGMA Gflop/s (ms)    Atomics Gflop/s      CUBLAS Gflop/s       CPU Gflop/s   MAGMA error  Atomics    CUBLAS
%=====================================================================================================================
  123      0.65 (   0.05)      0.60 (   0.05)      0.48 (   0.06)      0.54 (   0.06)   4.04e-16   3.47e-16   2.89e-16   ok
 1234     16.67 (   0.18)     17.83 (   0.17)     13.26 (   0.23)      5.49 (   0.55)   1.15e-15   1.11e-15   1.20e-15   ok
   10      0.01 (   0.03)      0.01 (   0.03)      0.01 (   0.02)      0.12 (   0.00)   8.88e-17   4.44e-17   8.88e-17   ok
   11      0.01 (   0.03)      0.01 (   0.03)      0.01 (   0.02)      0.14 (   0.00)   4.04e-17   8.07e-17   8.07e-17   ok
   12      0.01 (   0.03)      0.01 (   0.03)      0.02 (   0.02)      0.16 (   0.00)   7.40e-17   3.70e-17   3.70e-17   ok
   13      0.01 (   0.03)      0.01 (   0.03)      0.02 (   0.02)      0.17 (   0.00)   6.83e-17   6.83e-17   6.83e-17   ok
   14      0.01 (   0.03)      0.02 (   0.03)      0.02 (   0.02)      0.20 (   0.00)   6.34e-17   6.34e-17   6.34e-17   ok
   15      0.02 (   0.03)      0.02 (   0.03)      0.02 (   0.02)      0.15 (   0.00)   5.92e-17   5.92e-17   1.18e-16   ok
   16      0.02 (   0.03)      0.02 (   0.03)      0.03 (   0.02)      0.29 (   0.00)   1.11e-16   1.11e-16   5.55e-17   ok
   17      0.02 (   0.03)      0.02 (   0.03)      0.03 (   0.02)      0.32 (   0.00)   1.57e-16   2.09e-16   1.04e-16   ok
   18      0.02 (   0.03)      0.02 (   0.03)      0.04 (   0.02)      0.32 (   0.00)   1.48e-16   9.87e-17   9.87e-17   ok
   19      0.02 (   0.03)      0.03 (   0.03)      0.04 (   0.02)      0.40 (   0.00)   9.35e-17   9.35e-17   9.35e-17   ok
   20      0.03 (   0.03)      0.03 (   0.03)      0.04 (   0.02)      0.29 (   0.00)   8.88e-17   8.88e-17   8.88e-17   ok
   21      0.03 (   0.03)      0.03 (   0.03)      0.05 (   0.02)      0.48 (   0.00)   1.69e-16   8.46e-17   8.46e-17   ok
   22      0.03 (   0.03)      0.03 (   0.03)      0.05 (   0.02)      0.33 (   0.00)   1.61e-16   1.61e-16   1.61e-16   ok
   23      0.04 (   0.03)      0.04 (   0.03)      0.06 (   0.02)      0.51 (   0.00)   1.54e-16   7.72e-17   7.72e-17   ok
   24      0.04 (   0.03)      0.04 (   0.03)      0.06 (   0.02)      0.56 (   0.00)   1.48e-16   2.22e-16   1.48e-16   ok
   25      0.04 (   0.03)      0.04 (   0.03)      0.06 (   0.02)      0.68 (   0.00)   1.42e-16   1.42e-16   1.42e-16   ok
   26      0.04 (   0.03)      0.05 (   0.03)      0.07 (   0.02)      0.45 (   0.00)   2.05e-16   1.37e-16   2.05e-16   ok
   27      0.05 (   0.03)      0.05 (   0.03)      0.08 (   0.02)      0.49 (   0.00)   1.32e-16   1.32e-16   1.97e-16   ok
   28      0.05 (   0.03)      0.05 (   0.03)      0.08 (   0.02)      0.52 (   0.00)   1.27e-16   1.90e-16   1.27e-16   ok
   29      0.06 (   0.03)      0.06 (   0.03)      0.08 (   0.02)      0.91 (   0.00)   1.23e-16   1.84e-16   1.23e-16   ok
   30      0.06 (   0.03)      0.06 (   0.03)      0.09 (   0.02)      0.65 (   0.00)   1.78e-16   1.18e-16   1.78e-16   ok
   31      0.06 (   0.03)      0.06 (   0.03)      0.09 (   0.02)      0.64 (   0.00)   1.15e-16   2.29e-16   1.72e-16   ok
   32      0.07 (   0.03)      0.07 (   0.03)      0.11 (   0.02)      0.74 (   0.00)   1.67e-16   1.67e-16   1.67e-16   ok
   33      0.07 (   0.03)      0.06 (   0.04)      0.11 (   0.02)      0.72 (   0.00)   1.61e-16   1.08e-16   1.08e-16   ok
   34      0.07 (   0.03)      0.06 (   0.04)      0.11 (   0.02)      0.77 (   0.00)   2.09e-16   2.61e-16   1.57e-16   ok
   35      0.08 (   0.03)      0.06 (   0.04)      0.12 (   0.02)      0.81 (   0.00)   1.52e-16   1.52e-16   1.02e-16   ok
   36      0.09 (   0.03)      0.07 (   0.04)      0.13 (   0.02)      0.86 (   0.00)   1.48e-16   1.97e-16   9.87e-17   ok
   37      0.10 (   0.03)      0.08 (   0.04)      0.13 (   0.02)      0.91 (   0.00)   1.92e-16   1.44e-16   1.92e-16   ok
   38      0.10 (   0.03)      0.08 (   0.04)      0.15 (   0.02)      1.04 (   0.00)   1.87e-16   1.40e-16   1.40e-16   ok
   39      0.11 (   0.03)      0.08 (   0.04)      0.15 (   0.02)      1.01 (   0.00)   9.11e-17   9.11e-17   1.37e-16   ok
   40      0.12 (   0.03)      0.09 (   0.04)      0.16 (   0.02)      1.15 (   0.00)   1.33e-16   1.78e-16   1.78e-16   ok
   41      0.12 (   0.03)      0.09 (   0.04)      0.16 (   0.02)      1.20 (   0.00)   2.60e-16   1.73e-16   1.73e-16   ok
   42      0.13 (   0.03)      0.10 (   0.04)      0.17 (   0.02)      0.89 (   0.00)   1.69e-16   1.27e-16   1.27e-16   ok
   43      0.13 (   0.03)      0.10 (   0.04)      0.18 (   0.02)      0.93 (   0.00)   1.65e-16   2.48e-16   1.65e-16   ok
   44      0.14 (   0.03)      0.11 (   0.04)      0.20 (   0.02)      1.28 (   0.00)   1.61e-16   1.61e-16   2.42e-16   ok
   45      0.14 (   0.03)      0.11 (   0.04)      0.20 (   0.02)      1.34 (   0.00)   1.58e-16   1.58e-16   1.18e-16   ok
   46      0.15 (   0.03)      0.11 (   0.04)      0.21 (   0.02)      1.40 (   0.00)   1.54e-16   1.54e-16   1.54e-16   ok
   47      0.16 (   0.03)      0.12 (   0.04)      0.23 (   0.02)      1.11 (   0.00)   1.51e-16   1.51e-16   1.51e-16   ok
   48      0.17 (   0.03)      0.13 (   0.04)      0.22 (   0.02)      1.16 (   0.00)   1.48e-16   1.48e-16   1.48e-16   ok
   49      0.17 (   0.03)      0.13 (   0.04)      0.23 (   0.02)      1.58 (   0.00)   2.18e-16   2.90e-16   2.18e-16   ok
   50      0.17 (   0.03)      0.13 (   0.04)      0.22 (   0.02)      1.34 (   0.00)   2.13e-16   2.13e-16   2.13e-16   ok
   51      0.18 (   0.03)      0.14 (   0.04)      0.24 (   0.02)      1.31 (   0.00)   2.09e-16   2.09e-16   2.09e-16   ok
   52      0.17 (   0.03)      0.14 (   0.04)      0.25 (   0.02)      1.36 (   0.00)   2.73e-16   2.05e-16   2.05e-16   ok
   53      0.18 (   0.03)      0.15 (   0.04)      0.26 (   0.02)      1.50 (   0.00)   2.01e-16   2.68e-16   2.01e-16   ok
   54      0.19 (   0.03)      0.15 (   0.04)      0.27 (   0.02)      1.56 (   0.00)   1.97e-16   2.63e-16   1.97e-16   ok
   55      0.20 (   0.03)      0.16 (   0.04)      0.28 (   0.02)      1.61 (   0.00)   1.94e-16   1.94e-16   1.29e-16   ok
   56      0.22 (   0.03)      0.17 (   0.04)      0.29 (   0.02)      1.58 (   0.00)   2.54e-16   2.54e-16   2.54e-16   ok
   57      0.23 (   0.03)      0.17 (   0.04)      0.29 (   0.02)      1.63 (   0.00)   1.87e-16   1.87e-16   1.87e-16   ok
   58      0.24 (   0.03)      0.18 (   0.04)      0.31 (   0.02)      1.69 (   0.00)   2.45e-16   1.84e-16   1.84e-16   ok
   59      0.25 (   0.03)      0.19 (   0.04)      0.31 (   0.02)      1.41 (   0.01)   2.41e-16   2.41e-16   2.41e-16   ok
   60      0.25 (   0.03)      0.19 (   0.04)      0.32 (   0.02)      1.81 (   0.00)   2.96e-16   2.96e-16   2.96e-16   ok
   61      0.25 (   0.03)      0.19 (   0.04)      0.33 (   0.02)      1.98 (   0.00)   1.75e-16   1.75e-16   1.75e-16   ok
   62      0.27 (   0.03)      0.20 (   0.04)      0.34 (   0.02)      1.93 (   0.00)   2.29e-16   1.72e-16   1.72e-16   ok
   63      0.28 (   0.03)      0.20 (   0.04)      0.35 (   0.02)      1.61 (   0.01)   2.26e-16   2.26e-16   2.26e-16   ok
   64      0.29 (   0.03)      0.23 (   0.04)      0.36 (   0.02)      1.66 (   0.01)   2.78e-16   2.22e-16   2.22e-16   ok
   65      0.23 (   0.04)      0.21 (   0.04)      0.36 (   0.02)      1.71 (   0.01)   2.73e-16   2.19e-16   3.28e-16   ok
   66      0.25 (   0.04)      0.21 (   0.04)      0.37 (   0.02)      1.77 (   0.01)   2.15e-16   1.61e-16   2.15e-16   ok
   67      0.25 (   0.04)      0.22 (   0.04)      0.38 (   0.02)      1.82 (   0.01)   1.59e-16   1.59e-16   1.59e-16   ok
   68      0.26 (   0.04)      0.23 (   0.04)      0.36 (   0.03)      1.87 (   0.01)   2.09e-16   2.09e-16   1.57e-16   ok
   69      0.26 (   0.04)      0.23 (   0.04)      0.39 (   0.02)      1.93 (   0.01)   2.57e-16   2.57e-16   2.06e-16   ok
   70      0.26 (   0.04)      0.23 (   0.04)      0.40 (   0.03)      1.99 (   0.01)   3.55e-16   2.54e-16   2.54e-16   ok
   71      0.27 (   0.04)      0.24 (   0.04)      0.42 (   0.02)      2.04 (   0.01)   4.00e-16   2.00e-16   3.00e-16   ok
   72      0.29 (   0.04)      0.26 (   0.04)      0.42 (   0.03)      2.10 (   0.01)   1.97e-16   1.97e-16   1.97e-16   ok
   73      0.32 (   0.03)      0.27 (   0.04)      0.43 (   0.03)      2.16 (   0.01)   2.43e-16   1.95e-16   2.43e-16   ok
   74      0.32 (   0.03)      0.28 (   0.04)      0.47 (   0.02)      1.86 (   0.01)   2.88e-16   2.40e-16   1.92e-16   ok
   75      0.33 (   0.04)      0.29 (   0.04)      0.46 (   0.03)      1.91 (   0.01)   2.37e-16   1.89e-16   1.89e-16   ok
   76      0.34 (   0.03)      0.30 (   0.04)      0.49 (   0.02)      2.34 (   0.01)   1.87e-16   2.34e-16   2.34e-16   ok
   77      0.34 (   0.04)      0.30 (   0.04)      0.52 (   0.02)      2.40 (   0.01)   2.77e-16   2.77e-16   1.85e-16   ok
   78      0.34 (   0.04)      0.30 (   0.04)      0.49 (   0.03)      2.07 (   0.01)   2.28e-16   2.28e-16   2.28e-16   ok
   79      0.35 (   0.04)      0.32 (   0.04)      0.52 (   0.02)      2.12 (   0.01)   3.15e-16   2.70e-16   2.70e-16   ok
   80      0.36 (   0.04)      0.32 (   0.04)      0.52 (   0.03)      2.59 (   0.01)   3.55e-16   3.11e-16   2.66e-16   ok
   81      0.37 (   0.04)      0.32 (   0.04)      0.51 (   0.03)      2.23 (   0.01)   2.19e-16   2.19e-16   2.19e-16   ok
   82      0.37 (   0.04)      0.34 (   0.04)      0.55 (   0.02)      2.28 (   0.01)   2.17e-16   1.73e-16   2.17e-16   ok
   83      0.36 (   0.04)      0.34 (   0.04)      0.54 (   0.03)      2.02 (   0.01)   3.00e-16   2.57e-16   2.57e-16   ok
   84      0.38 (   0.04)      0.35 (   0.04)      0.55 (   0.03)      2.40 (   0.01)   3.38e-16   2.54e-16   2.54e-16   ok
   85      0.37 (   0.04)      0.35 (   0.04)      0.56 (   0.03)      2.36 (   0.01)   2.51e-16   2.51e-16   2.51e-16   ok
   86      0.42 (   0.04)      0.36 (   0.04)      0.58 (   0.03)      2.51 (   0.01)   2.48e-16   2.48e-16   2.48e-16   ok
   87      0.39 (   0.04)      0.36 (   0.04)      0.57 (   0.03)      3.06 (   0.01)   3.27e-16   2.45e-16   2.45e-16   ok
   88      0.40 (   0.04)      0.38 (   0.04)      0.60 (   0.03)      2.53 (   0.01)   3.23e-16   2.42e-16   2.42e-16   ok
   89      0.43 (   0.04)      0.39 (   0.04)      0.62 (   0.03)      2.24 (   0.01)   2.40e-16   2.40e-16   2.40e-16   ok
   90      0.44 (   0.04)      0.40 (   0.04)      0.63 (   0.03)      2.75 (   0.01)   2.37e-16   2.37e-16   2.37e-16   ok
  100      0.55 (   0.04)      0.48 (   0.04)      0.72 (   0.03)      3.39 (   0.01)   2.13e-16   2.13e-16   2.13e-16   ok
  110      0.66 (   0.04)      0.56 (   0.04)      0.87 (   0.03)      3.01 (   0.01)   2.58e-16   2.58e-16   3.23e-16   ok
  120      0.79 (   0.04)      0.68 (   0.04)      1.00 (   0.03)      3.21 (   0.01)   3.55e-16   2.96e-16   3.55e-16   ok
  130      0.79 (   0.04)      0.77 (   0.04)      1.17 (   0.03)      4.20 (   0.01)   3.83e-16   3.83e-16   3.28e-16   ok
  140      0.92 (   0.04)      0.84 (   0.05)      1.36 (   0.03)      3.94 (   0.01)   4.06e-16   4.57e-16   4.57e-16   ok
  150      0.98 (   0.05)      0.95 (   0.05)      1.46 (   0.03)      3.80 (   0.01)   3.32e-16   2.84e-16   3.32e-16   ok
  160      1.17 (   0.04)      1.12 (   0.05)      1.72 (   0.03)      3.93 (   0.01)   5.33e-16   4.00e-16   4.00e-16   ok
  170      1.32 (   0.04)      1.14 (   0.05)      1.82 (   0.03)      2.16 (   0.03)   3.34e-16   3.34e-16   4.18e-16   ok
  180      1.45 (   0.05)      1.36 (   0.05)      1.98 (   0.03)      2.51 (   0.03)   3.95e-16   3.16e-16   2.76e-16   ok
  190      1.61 (   0.05)      1.37 (   0.05)      2.21 (   0.03)      2.13 (   0.03)   2.99e-16   3.74e-16   2.99e-16   ok
  200      1.58 (   0.05)      1.49 (   0.05)      2.31 (   0.03)      2.76 (   0.03)   4.26e-16   4.26e-16   3.55e-16   ok
  210      1.78 (   0.05)      1.67 (   0.05)      2.53 (   0.04)      2.95 (   0.03)   4.06e-16   3.38e-16   4.06e-16   ok
  220      1.94 (   0.05)      1.98 (   0.05)      2.79 (   0.03)      2.63 (   0.04)   5.17e-16   4.52e-16   4.52e-16   ok
  230      2.12 (   0.05)      1.80 (   0.06)      2.95 (   0.04)      2.86 (   0.04)   4.94e-16   6.18e-16   6.18e-16   ok
  240      2.19 (   0.05)      2.19 (   0.05)      3.13 (   0.04)      2.89 (   0.04)   4.74e-16   5.33e-16   4.74e-16   ok
  250      2.36 (   0.05)      2.20 (   0.06)      3.37 (   0.04)      2.41 (   0.05)   4.55e-16   4.55e-16   4.55e-16   ok
  260      2.34 (   0.06)      2.19 (   0.06)      3.41 (   0.04)      3.16 (   0.04)   4.37e-16   4.92e-16   4.37e-16   ok
  270      2.47 (   0.06)      2.47 (   0.06)      3.65 (   0.04)      2.87 (   0.05)   4.74e-16   4.74e-16   5.26e-16   ok
  280      2.76 (   0.06)      2.76 (   0.06)      3.93 (   0.04)      3.49 (   0.05)   5.08e-16   5.08e-16   5.08e-16   ok
  290      3.01 (   0.06)      2.90 (   0.06)      4.12 (   0.04)      3.37 (   0.05)   5.88e-16   5.88e-16   5.39e-16   ok
  300      2.96 (   0.06)      2.96 (   0.06)      4.19 (   0.04)      3.68 (   0.05)   6.16e-16   6.63e-16   6.63e-16   ok
  310      3.22 (   0.06)      3.06 (   0.06)      4.57 (   0.04)      4.93 (   0.04)   4.58e-16   4.58e-16   4.58e-16   ok
  320      3.53 (   0.06)      3.61 (   0.06)      4.90 (   0.04)      4.87 (   0.04)   4.88e-16   4.88e-16   4.44e-16   ok
  330      3.47 (   0.06)      3.42 (   0.06)      4.98 (   0.04)      4.47 (   0.05)   4.31e-16   4.31e-16   5.17e-16   ok
  340      3.68 (   0.06)      3.80 (   0.06)      5.17 (   0.04)      4.63 (   0.05)   5.02e-16   5.02e-16   5.02e-16   ok
  350      3.72 (   0.07)      3.62 (   0.07)      5.45 (   0.05)      5.34 (   0.05)   6.50e-16   5.68e-16   4.87e-16   ok
  360      3.88 (   0.07)      3.83 (   0.07)      5.53 (   0.05)      5.40 (   0.05)   6.32e-16   4.74e-16   4.74e-16   ok
  370      4.10 (   0.07)      4.10 (   0.07)      5.82 (   0.05)      4.90 (   0.06)   5.38e-16   5.38e-16   6.15e-16   ok
  380      4.53 (   0.06)      4.67 (   0.06)      6.16 (   0.05)      5.37 (   0.05)   5.98e-16   5.24e-16   5.24e-16   ok
  390      4.24 (   0.07)      4.06 (   0.08)      6.21 (   0.05)      5.87 (   0.05)   5.10e-16   5.10e-16   5.10e-16   ok
  400      3.15 (   0.10)      4.52 (   0.07)      6.41 (   0.05)      6.06 (   0.05)   5.68e-16   5.68e-16   4.97e-16   ok
  410      4.68 (   0.07)      4.82 (   0.07)      6.61 (   0.05)      5.82 (   0.06)   6.93e-16   7.63e-16   6.93e-16   ok
  420      4.98 (   0.07)      5.13 (   0.07)      6.80 (   0.05)      5.98 (   0.06)   5.41e-16   5.41e-16   5.41e-16   ok
  430      5.00 (   0.07)      5.15 (   0.07)      6.62 (   0.06)      6.50 (   0.06)   7.93e-16   7.93e-16   8.59e-16   ok
  440      5.32 (   0.07)      5.39 (   0.07)      7.30 (   0.05)      6.59 (   0.06)   5.81e-16   5.81e-16   6.46e-16   ok
  450      5.21 (   0.08)      5.49 (   0.07)      7.67 (   0.05)      6.26 (   0.06)   6.32e-16   6.32e-16   6.32e-16   ok
  460      5.23 (   0.08)      5.89 (   0.07)      7.57 (   0.06)      6.24 (   0.07)   6.80e-16   6.80e-16   6.80e-16   ok
  470      5.46 (   0.08)      5.82 (   0.08)      8.04 (   0.06)      6.70 (   0.07)   6.05e-16   6.05e-16   5.44e-16   ok
  480      5.92 (   0.08)      6.61 (   0.07)      8.42 (   0.05)      6.80 (   0.07)   8.29e-16   7.70e-16   7.70e-16   ok
  490      6.02 (   0.08)      6.17 (   0.08)      8.31 (   0.06)      6.51 (   0.07)   9.28e-16   8.70e-16   9.86e-16   ok
  500      6.13 (   0.08)      6.18 (   0.08)      8.65 (   0.06)      6.33 (   0.08)   9.09e-16   8.53e-16   7.96e-16   ok
  510      6.60 (   0.08)      6.06 (   0.09)      9.00 (   0.06)      7.05 (   0.07)   6.69e-16   7.24e-16   6.69e-16   ok
  520      6.38 (   0.08)      6.30 (   0.09)      8.88 (   0.06)      6.68 (   0.08)   6.56e-16   7.11e-16   6.01e-16   ok
  530      6.40 (   0.09)      6.40 (   0.09)      9.08 (   0.06)      6.86 (   0.08)   9.12e-16   8.58e-16   9.12e-16   ok
  540      6.71 (   0.09)      6.94 (   0.08)      9.43 (   0.06)      7.21 (   0.08)   7.37e-16   7.37e-16   8.42e-16   ok
  550      6.74 (   0.09)      6.25 (   0.10)      9.45 (   0.06)      7.68 (   0.08)   7.23e-16   7.75e-16   8.27e-16   ok
  560      6.85 (   0.09)      7.30 (   0.09)      9.65 (   0.07)      7.96 (   0.08)   6.60e-16   7.61e-16   7.11e-16   ok
  570      7.15 (   0.09)      7.09 (   0.09)     10.00 (   0.07)      7.48 (   0.09)   7.48e-16   7.48e-16   6.98e-16   ok
  580      6.95 (   0.10)      7.58 (   0.09)     10.39 (   0.06)      7.83 (   0.09)   7.35e-16   7.84e-16   7.35e-16   ok
  590      7.12 (   0.10)      7.93 (   0.09)     10.41 (   0.07)      8.01 (   0.09)   6.74e-16   6.26e-16   6.74e-16   ok
  600      7.34 (   0.10)      7.94 (   0.09)     10.61 (   0.07)      8.09 (   0.09)   9.00e-16   7.58e-16   7.58e-16   ok
  610      7.59 (   0.10)      8.02 (   0.09)     10.67 (   0.07)      7.61 (   0.10)   7.45e-16   7.92e-16   7.45e-16   ok
  620      7.78 (   0.10)      7.86 (   0.10)     10.99 (   0.07)      8.01 (   0.10)   9.17e-16   9.17e-16   8.71e-16   ok
  630      7.96 (   0.10)      7.72 (   0.10)     11.04 (   0.07)      8.75 (   0.09)   6.77e-16   7.22e-16   6.77e-16   ok
  640      8.21 (   0.10)      8.73 (   0.09)     11.40 (   0.07)      7.97 (   0.10)   7.99e-16   7.11e-16   7.55e-16   ok
  650      7.91 (   0.11)      8.64 (   0.10)     11.60 (   0.07)      7.23 (   0.12)   7.00e-16   7.87e-16   6.12e-16   ok
  660      8.15 (   0.11)      8.63 (   0.10)     11.81 (   0.07)      7.92 (   0.11)   7.32e-16   7.32e-16   6.46e-16   ok
  670      8.09 (   0.11)      8.81 (   0.10)     12.17 (   0.07)      8.47 (   0.11)   8.48e-16   8.91e-16   8.48e-16   ok
  680      8.58 (   0.11)      9.27 (   0.10)     12.49 (   0.07)      8.35 (   0.11)   7.52e-16   7.11e-16   7.52e-16   ok
  690      8.83 (   0.11)      8.91 (   0.11)     12.23 (   0.08)      8.15 (   0.12)   8.24e-16   7.41e-16   7.41e-16   ok
  700      9.09 (   0.11)      9.62 (   0.10)     12.59 (   0.08)      8.17 (   0.12)   8.12e-16   7.31e-16   7.31e-16   ok
  710      8.62 (   0.12)      8.40 (   0.12)     12.79 (   0.08)      9.03 (   0.11)   9.61e-16   9.61e-16   1.04e-15   ok
  720      9.03 (   0.11)     10.08 (   0.10)     13.32 (   0.08)      9.27 (   0.11)   8.68e-16   7.89e-16   8.68e-16   ok
  730      9.19 (   0.12)     10.17 (   0.10)     13.05 (   0.08)      8.40 (   0.13)   7.79e-16   7.01e-16   8.57e-16   ok
  740      9.46 (   0.12)     10.36 (   0.11)     12.92 (   0.08)      8.76 (   0.13)   8.45e-16   9.22e-16   9.99e-16   ok
  750      9.47 (   0.12)     10.07 (   0.11)     13.42 (   0.08)      9.09 (   0.12)   9.09e-16   8.34e-16   8.34e-16   ok
  760      9.96 (   0.12)     10.13 (   0.11)     13.33 (   0.09)      9.33 (   0.12)   8.98e-16   8.23e-16   8.98e-16   ok
  770      9.21 (   0.13)     10.31 (   0.12)     13.64 (   0.09)      8.08 (   0.15)   8.12e-16   8.86e-16   8.12e-16   ok
  780      9.83 (   0.12)     10.87 (   0.11)     13.66 (   0.09)      8.40 (   0.14)   9.47e-16   1.02e-15   1.02e-15   ok
  790     10.08 (   0.12)     11.67 (   0.11)     14.36 (   0.09)      8.75 (   0.14)   8.63e-16   9.35e-16   9.35e-16   ok
  800     10.42 (   0.12)     11.34 (   0.11)     14.73 (   0.09)      8.90 (   0.14)   1.28e-15   1.28e-15   1.14e-15   ok
  810     10.60 (   0.12)     11.63 (   0.11)     14.77 (   0.09)      8.87 (   0.15)   1.05e-15   1.12e-15   1.12e-15   ok
  820     10.94 (   0.12)     11.62 (   0.12)     14.94 (   0.09)      8.87 (   0.15)   1.11e-15   1.04e-15   1.11e-15   ok
  830     11.13 (   0.12)     11.81 (   0.12)     15.15 (   0.09)      9.14 (   0.15)   9.59e-16   8.90e-16   9.59e-16   ok
  840     10.87 (   0.13)     12.50 (   0.11)     15.35 (   0.09)      9.36 (   0.15)   8.80e-16   8.80e-16   8.80e-16   ok
  850     10.97 (   0.13)     12.06 (   0.12)     15.25 (   0.09)      9.21 (   0.16)   9.36e-16   9.36e-16   8.69e-16   ok
  860     11.31 (   0.13)     12.99 (   0.11)     15.26 (   0.10)      9.44 (   0.16)   1.26e-15   1.26e-15   1.19e-15   ok
  870     11.47 (   0.13)     10.68 (   0.14)     15.81 (   0.10)      9.65 (   0.16)   1.18e-15   1.31e-15   1.05e-15   ok
  880     11.57 (   0.13)     13.03 (   0.12)     16.14 (   0.10)      9.52 (   0.16)   8.40e-16   9.04e-16   9.04e-16   ok
  890     11.92 (   0.13)     12.39 (   0.13)     16.34 (   0.10)      9.49 (   0.17)   9.58e-16   1.02e-15   1.21e-15   ok
  900     11.75 (   0.14)     13.85 (   0.12)     16.55 (   0.10)      9.01 (   0.18)   1.07e-15   1.01e-15   1.01e-15   ok
 1000     13.35 (   0.15)     14.60 (   0.14)     18.02 (   0.11)      9.76 (   0.21)   1.08e-15   1.08e-15   1.14e-15   ok
 1100     14.60 (   0.17)     15.73 (   0.15)     12.30 (   0.20)      9.93 (   0.24)   1.14e-15   1.19e-15   1.19e-15   ok
 1200     16.29 (   0.18)     18.37 (   0.16)     13.46 (   0.21)      9.71 (   0.30)   1.18e-15   1.28e-15   1.28e-15   ok
 1300     17.43 (   0.19)     21.66 (   0.16)     13.69 (   0.25)      9.42 (   0.36)   1.27e-15   1.18e-15   1.27e-15   ok
 1400     19.13 (   0.21)     23.61 (   0.17)     15.08 (   0.26)     10.22 (   0.38)   1.14e-15   1.06e-15   1.06e-15   ok
 1500     20.20 (   0.22)     24.21 (   0.19)     16.03 (   0.28)      9.90 (   0.45)   1.36e-15   1.29e-15   1.29e-15   ok
 1600     21.42 (   0.24)     25.49 (   0.20)     16.63 (   0.31)      9.74 (   0.53)   1.35e-15   1.42e-15   1.42e-15   ok
 1700     22.50 (   0.26)     26.54 (   0.22)     17.31 (   0.33)     10.61 (   0.55)   1.34e-15   1.40e-15   1.40e-15   ok
 1800     24.11 (   0.27)     30.02 (   0.22)     18.26 (   0.36)     10.51 (   0.62)   1.83e-15   1.89e-15   1.71e-15   ok
 1900     25.53 (   0.28)     30.48 (   0.24)     19.21 (   0.38)     11.09 (   0.65)   1.62e-15   1.38e-15   1.50e-15   ok
 2000     26.33 (   0.30)     30.33 (   0.26)     20.37 (   0.39)     11.35 (   0.71)   1.82e-15   1.82e-15   1.65e-15   ok
 2100     27.50 (   0.32)     32.21 (   0.27)     15.62 (   0.57)     11.52 (   0.77)   1.84e-15   1.79e-15   1.62e-15   ok
 2200     29.01 (   0.33)     34.11 (   0.28)     16.06 (   0.60)     11.45 (   0.85)   1.76e-15   1.76e-15   1.81e-15   ok
 2300     31.05 (   0.34)     36.12 (   0.29)     16.91 (   0.63)     11.75 (   0.90)   1.78e-15   1.73e-15   1.78e-15   ok
 2400     31.84 (   0.36)     36.34 (   0.32)     17.65 (   0.65)     11.40 (   1.01)   1.61e-15   1.52e-15   1.56e-15   ok
 2500     32.58 (   0.38)     38.74 (   0.32)     18.34 (   0.68)     11.95 (   1.05)   1.91e-15   1.59e-15   1.77e-15   ok
 2600     33.06 (   0.41)     39.42 (   0.34)     18.68 (   0.72)     11.35 (   1.19)   1.53e-15   1.66e-15   1.62e-15   ok
 2700     34.90 (   0.42)     42.39 (   0.34)     19.68 (   0.74)     11.70 (   1.25)   1.60e-15   1.56e-15   1.60e-15   ok
 2800     35.26 (   0.44)     39.02 (   0.40)     20.08 (   0.78)     11.89 (   1.32)   1.79e-15   1.79e-15   1.87e-15   ok
 2900     36.83 (   0.46)     42.69 (   0.39)     20.98 (   0.80)     12.11 (   1.39)   1.80e-15   1.80e-15   1.80e-15   ok
 3000     38.79 (   0.46)     44.24 (   0.41)     21.61 (   0.83)     12.23 (   1.47)   1.97e-15   1.89e-15   1.97e-15   ok
 3100     39.57 (   0.49)     44.93 (   0.43)     17.64 (   1.09)     12.55 (   1.53)   2.13e-15   2.20e-15   2.20e-15   ok
 3200     41.81 (   0.49)     42.96 (   0.48)     18.12 (   1.13)     12.32 (   1.66)   1.99e-15   1.99e-15   2.06e-15   ok
 3300     42.21 (   0.52)     47.79 (   0.46)     18.70 (   1.17)     12.36 (   1.76)   2.14e-15   2.07e-15   2.07e-15   ok
 3400     42.75 (   0.54)     46.82 (   0.49)     19.19 (   1.20)     11.82 (   1.96)   2.34e-15   2.21e-15   2.07e-15   ok
 3500     44.48 (   0.55)     49.02 (   0.50)     19.62 (   1.25)     12.61 (   1.94)   2.34e-15   2.47e-15   2.40e-15   ok
 3600     45.33 (   0.57)     48.18 (   0.54)     20.02 (   1.29)     12.59 (   2.06)   2.34e-15   2.21e-15   2.34e-15   ok
 3700     45.95 (   0.60)     49.07 (   0.56)     20.61 (   1.33)     12.11 (   2.26)   2.52e-15   2.52e-15   2.52e-15   ok
 3800     46.75 (   0.62)     50.95 (   0.57)     21.27 (   1.36)     12.79 (   2.26)   2.33e-15   2.45e-15   2.57e-15   ok
 3900     48.99 (   0.62)     51.21 (   0.59)     21.76 (   1.40)     12.26 (   2.48)   2.22e-15   2.16e-15   2.22e-15   ok
 4000     48.50 (   0.66)     49.61 (   0.65)     22.21 (   1.44)     12.73 (   2.51)   2.56e-15   2.67e-15   2.50e-15   ok
 4100     48.65 (   0.69)     50.65 (   0.66)     19.35 (   1.74)     12.59 (   2.67)   2.88e-15   2.83e-15   2.77e-15   ok
 4200     49.70 (   0.71)     52.90 (   0.67)     19.05 (   1.85)     12.52 (   2.82)   2.76e-15   2.65e-15   2.92e-15   ok
 4300     50.32 (   0.74)     52.70 (   0.70)     19.62 (   1.88)     12.76 (   2.90)   2.27e-15   2.27e-15   2.43e-15   ok
 4400     52.27 (   0.74)     52.98 (   0.73)     19.88 (   1.95)     12.85 (   3.01)   2.38e-15   2.43e-15   2.58e-15   ok
 4500     52.88 (   0.77)     55.18 (   0.73)     20.39 (   1.99)     12.84 (   3.16)   2.83e-15   3.03e-15   2.78e-15   ok
 4600     54.63 (   0.77)     55.26 (   0.77)     20.80 (   2.04)     12.82 (   3.30)   2.52e-15   2.52e-15   2.77e-15   ok
 4700     55.24 (   0.80)     54.69 (   0.81)     21.24 (   2.08)     12.69 (   3.48)   2.52e-15   2.66e-15   2.71e-15   ok
 4800     54.87 (   0.84)     53.79 (   0.86)     21.62 (   2.13)     12.95 (   3.56)   2.51e-15   2.42e-15   2.46e-15   ok
 4900     55.53 (   0.86)     56.64 (   0.85)     22.02 (   2.18)     12.76 (   3.76)   2.51e-15   2.55e-15   2.64e-15   ok
 5000     56.37 (   0.89)     56.95 (   0.88)     22.48 (   2.22)     12.75 (   3.92)   2.46e-15   2.32e-15   2.64e-15   ok
 5100     58.46 (   0.89)     57.05 (   0.91)     22.78 (   2.28)     12.70 (   4.10)   2.41e-15   2.36e-15   2.41e-15   ok
 5200     57.67 (   0.94)     57.92 (   0.93)     19.94 (   2.71)     12.81 (   4.22)   2.62e-15   2.54e-15   2.62e-15   ok
 5300     58.05 (   0.97)     59.53 (   0.94)     20.26 (   2.77)     13.15 (   4.27)   2.57e-15   2.66e-15   2.62e-15   ok
 5400     59.53 (   0.98)     60.26 (   0.97)     20.57 (   2.84)     12.97 (   4.50)   2.69e-15   2.44e-15   2.53e-15   ok
 5500     57.56 (   1.05)     60.46 (   1.00)     20.95 (   2.89)     12.99 (   4.66)   2.40e-15   2.40e-15   2.40e-15   ok
 5600     59.85 (   1.05)     55.46 (   1.13)     21.25 (   2.95)     13.21 (   4.75)   2.52e-15   2.68e-15   2.60e-15   ok
 5700     60.81 (   1.07)     61.42 (   1.06)     21.50 (   3.02)     13.28 (   4.89)   2.63e-15   2.63e-15   2.63e-15   ok
 5800     61.62 (   1.09)     60.57 (   1.11)     21.84 (   3.08)     13.21 (   5.09)   3.14e-15   2.98e-15   3.06e-15   ok
 5900     62.11 (   1.12)     60.34 (   1.15)     22.25 (   3.13)     13.21 (   5.27)   3.08e-15   3.01e-15   3.01e-15   ok
 6000     62.73 (   1.15)     60.36 (   1.19)     22.62 (   3.18)     13.42 (   5.37)   3.41e-15   3.26e-15   3.41e-15   failed
 6100     63.24 (   1.18)     62.70 (   1.19)     22.88 (   3.25)     13.60 (   5.47)   3.28e-15   2.83e-15   3.06e-15   ok
 6200     64.35 (   1.19)     62.83 (   1.22)     20.34 (   3.78)     13.30 (   5.78)   3.01e-15   3.08e-15   2.86e-15   ok
 6300     65.18 (   1.22)     61.21 (   1.30)     20.71 (   3.83)     13.54 (   5.86)   3.68e-15   3.75e-15   3.46e-15   failed
 6400     65.59 (   1.25)     59.16 (   1.38)     20.89 (   3.92)     13.50 (   6.07)   3.98e-15   3.77e-15   4.05e-15   failed
 6500     65.41 (   1.29)     62.61 (   1.35)     21.09 (   4.01)     13.53 (   6.25)   3.08e-15   3.29e-15   3.50e-15   failed
 6600     66.11 (   1.32)     62.96 (   1.38)     21.55 (   4.04)     13.66 (   6.38)   3.72e-15   3.58e-15   3.58e-15   failed
 6700     68.50 (   1.31)     62.19 (   1.44)     21.67 (   4.14)     13.41 (   6.70)   4.00e-15   4.14e-15   3.87e-15   failed
 6800     67.12 (   1.38)     62.37 (   1.48)     22.04 (   4.20)     13.66 (   6.77)   3.81e-15   3.68e-15   3.61e-15   failed
 6900     68.81 (   1.38)     63.45 (   1.50)     22.18 (   4.29)     13.62 (   6.99)   2.97e-15   3.10e-15   3.23e-15   ok
 7000     68.40 (   1.43)     62.55 (   1.57)     22.31 (   4.39)     13.62 (   7.20)   3.51e-15   4.03e-15   3.83e-15   failed
 7100     69.54 (   1.45)     62.54 (   1.61)     22.80 (   4.42)     13.64 (   7.39)   3.20e-15   3.27e-15   3.07e-15   ok
 7200     69.41 (   1.49)     60.26 (   1.72)     20.71 (   5.01)     13.62 (   7.61)   3.03e-15   3.28e-15   3.16e-15   ok
 7300     70.08 (   1.52)     63.34 (   1.68)     20.68 (   5.15)     13.71 (   7.77)   3.55e-15   3.61e-15   3.43e-15   failed
 7400     71.68 (   1.53)     62.92 (   1.74)     20.87 (   5.25)     13.64 (   8.03)   3.38e-15   3.81e-15   3.56e-15   failed
 7500     71.12 (   1.58)     64.26 (   1.75)     21.21 (   5.31)     13.76 (   8.18)   3.70e-15   3.58e-15   3.76e-15   failed
 7600     72.80 (   1.59)     63.72 (   1.81)     21.46 (   5.38)     14.00 (   8.26)   3.47e-15   3.47e-15   3.29e-15   failed
 7700     72.09 (   1.65)     65.16 (   1.82)     21.67 (   5.47)     13.79 (   8.60)   3.72e-15   3.72e-15   3.54e-15   failed
 7800     72.82 (   1.67)     64.01 (   1.90)     22.18 (   5.49)     13.49 (   9.02)   3.26e-15   3.44e-15   3.61e-15   failed
 7900     71.86 (   1.74)     63.66 (   1.96)     22.46 (   5.56)     13.73 (   9.09)   3.45e-15   3.63e-15   3.51e-15   failed
 8000     71.55 (   1.79)     60.71 (   2.11)     22.27 (   5.75)     13.72 (   9.33)   3.30e-15   3.30e-15   3.41e-15   failed
 8100     72.31 (   1.81)     66.29 (   1.98)     22.92 (   5.73)     13.65 (   9.62)   3.82e-15   3.87e-15   3.65e-15   failed
 8200     70.82 (   1.90)     66.22 (   2.03)     21.31 (   6.31)     13.79 (   9.76)   3.49e-15   3.44e-15   3.49e-15   failed
 8300     71.92 (   1.92)     66.03 (   2.09)     21.07 (   6.54)     13.53 (  10.18)   3.45e-15   3.45e-15   3.62e-15   failed
 8400     69.83 (   2.02)     65.13 (   2.17)     21.03 (   6.71)     13.98 (  10.10)   3.63e-15   3.57e-15   3.46e-15   failed
 8500     71.22 (   2.03)     67.03 (   2.16)     21.58 (   6.70)     13.69 (  10.55)   4.01e-15   4.01e-15   3.91e-15   failed
 8600     70.28 (   2.10)     66.43 (   2.23)     21.30 (   6.95)     13.80 (  10.72)   3.75e-15   3.44e-15   3.49e-15   failed
 8700     70.97 (   2.13)     66.90 (   2.26)     21.91 (   6.91)     13.83 (  10.95)   3.35e-15   3.45e-15   3.66e-15   failed
 8800     69.03 (   2.24)     64.27 (   2.41)     21.63 (   7.16)     14.02 (  11.05)   4.19e-15   4.29e-15   4.55e-15   failed
 8900     69.58 (   2.28)     67.62 (   2.34)     21.89 (   7.24)     14.08 (  11.26)   3.83e-15   3.68e-15   3.93e-15   failed
 9000     69.48 (   2.33)     66.65 (   2.43)     22.53 (   7.19)     14.07 (  11.52)   3.33e-15   3.44e-15   3.39e-15   failed
10000     69.04 (   2.90)     68.06 (   2.94)     22.26 (   8.99)     14.24 (  14.04)   3.87e-15   3.68e-15   3.82e-15   failed
12000     69.45 (   4.15)     65.73 (   4.38)     21.81 (  13.20)     14.40 (  20.00)   5.15e-15   5.08e-15   5.15e-15   failed
14000     73.33 (   5.35)     71.39 (   5.49)     22.58 (  17.36)     14.79 (  26.50)   5.07e-15   5.26e-15   4.94e-15   failed
16000     74.65 (   6.86)     67.95 (   7.54)     21.96 (  23.31)     14.22 (  36.00)   5.12e-15   4.89e-15   5.06e-15   failed
18000     72.16 (   8.98)     73.26 (   8.85)     21.83 (  29.68)     14.77 (  43.87)   6.11e-15   6.27e-15   6.72e-15   failed
20000     72.64 (  11.01)     69.95 (  11.44)     20.89 (  38.30)     15.25 (  52.47)   5.96e-15   5.68e-15   5.78e-15   failed
Sun Feb  7 19:05:48 EST 2016
