
Sun Feb  7 19:00:13 EST 2016
numactl --interleave=all ../testing/testing_ssymv -L -N 123 -N 1234 --range 10:90:1 --range 100:900:10 --range 1000:9000:100 --range 10000:20000:2000
% MAGMA 2.0.0 beta7 compiled for CUDA capability >= 3.5, 64-bit magma_int_t, 64-bit pointer.
% CUDA runtime 7000, driver 7050. OpenMP threads 16. MKL 11.2.2, MKL threads 16. 
% device 0: Tesla K40c, 745.0 MHz clock, 11519.6 MB memory, capability 3.5
% device 1: Tesla K40c, 745.0 MHz clock, 11519.6 MB memory, capability 3.5
% Sun Feb  7 19:00:15 2016
% Usage: ../testing/testing_ssymv [options] [-h|--help]

% uplo = Lower
%   N   MAGMA Gflop/s (ms)    Atomics Gflop/s      CUBLAS Gflop/s       CPU Gflop/s   MAGMA error  Atomics    CUBLAS
%=====================================================================================================================
  123      0.74 (   0.04)      0.61 (   0.05)      0.48 (   0.06)      0.46 (   0.07)   9.30e-08   1.24e-07   1.24e-07   ok
 1234     21.93 (   0.14)     35.81 (   0.09)     24.58 (   0.12)      9.93 (   0.31)   5.44e-07   5.19e-07   4.95e-07   ok
   10      0.01 (   0.03)      0.01 (   0.03)      0.01 (   0.02)      0.12 (   0.00)   4.77e-08   4.77e-08   4.77e-08   ok
   11      0.01 (   0.03)      0.01 (   0.03)      0.02 (   0.02)      0.12 (   0.00)   4.33e-08   8.67e-08   4.33e-08   ok
   12      0.01 (   0.03)      0.01 (   0.03)      0.02 (   0.02)      0.15 (   0.00)   3.97e-08   1.99e-08   3.97e-08   ok
   13      0.01 (   0.03)      0.01 (   0.03)      0.02 (   0.02)      0.17 (   0.00)   3.67e-08   3.67e-08   7.34e-08   ok
   14      0.02 (   0.03)      0.01 (   0.03)      0.02 (   0.02)      0.22 (   0.00)   6.81e-08   3.41e-08   6.81e-08   ok
   15      0.02 (   0.03)      0.02 (   0.03)      0.03 (   0.02)      0.22 (   0.00)   6.36e-08   6.36e-08   6.36e-08   ok
   16      0.02 (   0.03)      0.02 (   0.03)      0.03 (   0.02)      0.29 (   0.00)   5.96e-08   5.96e-08   5.96e-08   ok
   17      0.02 (   0.03)      0.02 (   0.03)      0.03 (   0.02)      0.20 (   0.00)   1.12e-07   5.61e-08   5.61e-08   ok
   18      0.02 (   0.03)      0.02 (   0.03)      0.03 (   0.02)      0.24 (   0.00)   5.30e-08   5.30e-08   5.30e-08   ok
   19      0.03 (   0.03)      0.02 (   0.03)      0.04 (   0.02)      0.40 (   0.00)   5.02e-08   5.02e-08   5.02e-08   ok
   20      0.03 (   0.03)      0.03 (   0.03)      0.04 (   0.02)      0.27 (   0.00)   7.15e-08   4.77e-08   7.15e-08   ok
   21      0.03 (   0.03)      0.03 (   0.03)      0.05 (   0.02)      0.30 (   0.00)   9.08e-08   1.36e-07   6.81e-08   ok
   22      0.04 (   0.03)      0.03 (   0.03)      0.05 (   0.02)      0.53 (   0.00)   4.33e-08   8.67e-08   4.33e-08   ok
   23      0.04 (   0.03)      0.03 (   0.03)      0.06 (   0.02)      0.36 (   0.00)   8.29e-08   8.29e-08   8.29e-08   ok
   24      0.04 (   0.03)      0.04 (   0.03)      0.06 (   0.02)      0.63 (   0.00)   7.95e-08   7.95e-08   7.95e-08   ok
   25      0.04 (   0.03)      0.04 (   0.03)      0.06 (   0.02)      0.68 (   0.00)   7.63e-08   7.63e-08   3.81e-08   ok
   26      0.05 (   0.03)      0.04 (   0.03)      0.07 (   0.02)      0.45 (   0.00)   7.34e-08   7.34e-08   3.67e-08   ok
   27      0.05 (   0.03)      0.05 (   0.03)      0.07 (   0.02)      0.53 (   0.00)   7.06e-08   7.06e-08   7.06e-08   ok
   28      0.06 (   0.03)      0.05 (   0.03)      0.08 (   0.02)      0.76 (   0.00)   3.41e-08   6.81e-08   6.81e-08   ok
   29      0.06 (   0.03)      0.05 (   0.03)      0.08 (   0.02)      0.56 (   0.00)   9.87e-08   1.32e-07   6.58e-08   ok
   30      0.07 (   0.03)      0.06 (   0.03)      0.09 (   0.02)      0.46 (   0.00)   6.36e-08   6.36e-08   6.36e-08   ok
   31      0.07 (   0.03)      0.06 (   0.03)      0.09 (   0.02)      0.69 (   0.00)   6.15e-08   9.23e-08   9.23e-08   ok
   32      0.07 (   0.03)      0.06 (   0.03)      0.11 (   0.02)      0.74 (   0.00)   5.96e-08   5.96e-08   5.96e-08   ok
   33      0.08 (   0.03)      0.07 (   0.03)      0.11 (   0.02)      0.72 (   0.00)   5.78e-08   5.78e-08   5.78e-08   ok
   34      0.09 (   0.03)      0.07 (   0.03)      0.11 (   0.02)      0.83 (   0.00)   1.12e-07   1.12e-07   1.12e-07   ok
   35      0.10 (   0.03)      0.08 (   0.03)      0.11 (   0.02)      0.88 (   0.00)   5.45e-08   5.45e-08   8.17e-08   ok
   36      0.10 (   0.03)      0.08 (   0.03)      0.13 (   0.02)      0.66 (   0.00)   7.95e-08   5.30e-08   7.95e-08   ok
   37      0.11 (   0.03)      0.08 (   0.03)      0.13 (   0.02)      0.69 (   0.00)   7.73e-08   5.15e-08   7.73e-08   ok
   38      0.11 (   0.03)      0.09 (   0.03)      0.14 (   0.02)      0.73 (   0.00)   7.53e-08   1.00e-07   1.00e-07   ok
   39      0.11 (   0.03)      0.09 (   0.03)      0.15 (   0.02)      0.77 (   0.00)   4.89e-08   4.89e-08   4.89e-08   ok
   40      0.12 (   0.03)      0.10 (   0.03)      0.14 (   0.02)      0.81 (   0.00)   9.54e-08   9.54e-08   9.54e-08   ok
   41      0.13 (   0.03)      0.10 (   0.04)      0.15 (   0.02)      1.11 (   0.00)   6.98e-08   9.30e-08   6.98e-08   ok
   42      0.12 (   0.03)      0.11 (   0.03)      0.16 (   0.02)      0.95 (   0.00)   6.81e-08   4.54e-08   6.81e-08   ok
   43      0.14 (   0.03)      0.11 (   0.03)      0.17 (   0.02)      0.93 (   0.00)   8.87e-08   8.87e-08   8.87e-08   ok
   44      0.15 (   0.03)      0.11 (   0.04)      0.18 (   0.02)      0.98 (   0.00)   1.08e-07   1.08e-07   6.50e-08   ok
   45      0.14 (   0.03)      0.12 (   0.03)      0.18 (   0.02)      1.09 (   0.00)   8.48e-08   6.36e-08   8.48e-08   ok
   46      0.16 (   0.03)      0.13 (   0.03)      0.19 (   0.02)      1.07 (   0.00)   8.29e-08   8.29e-08   8.29e-08   ok
   47      0.16 (   0.03)      0.13 (   0.03)      0.21 (   0.02)      1.11 (   0.00)   1.01e-07   1.22e-07   8.12e-08   ok
   48      0.16 (   0.03)      0.14 (   0.03)      0.20 (   0.02)      1.16 (   0.00)   7.95e-08   7.95e-08   7.95e-08   ok
   49      0.17 (   0.03)      0.14 (   0.03)      0.20 (   0.02)      1.21 (   0.00)   7.79e-08   7.79e-08   7.79e-08   ok
   50      0.18 (   0.03)      0.15 (   0.04)      0.21 (   0.02)      1.26 (   0.00)   1.14e-07   7.63e-08   7.63e-08   ok
   51      0.20 (   0.03)      0.16 (   0.03)      0.22 (   0.02)      1.31 (   0.00)   7.48e-08   1.12e-07   7.48e-08   ok
   52      0.19 (   0.03)      0.16 (   0.03)      0.24 (   0.02)      1.10 (   0.01)   1.10e-07   1.10e-07   1.47e-07   ok
   53      0.20 (   0.03)      0.17 (   0.03)      0.23 (   0.03)      1.14 (   0.01)   1.08e-07   1.08e-07   7.20e-08   ok
   54      0.20 (   0.03)      0.17 (   0.03)      0.26 (   0.02)      1.19 (   0.01)   7.06e-08   1.06e-07   7.06e-08   ok
   55      0.22 (   0.03)      0.18 (   0.03)      0.26 (   0.02)      1.23 (   0.01)   6.94e-08   6.94e-08   6.94e-08   ok
   56      0.23 (   0.03)      0.19 (   0.03)      0.27 (   0.02)      1.58 (   0.00)   6.81e-08   6.81e-08   6.81e-08   ok
   57      0.23 (   0.03)      0.19 (   0.03)      0.28 (   0.02)      1.32 (   0.01)   6.69e-08   6.69e-08   6.69e-08   ok
   58      0.23 (   0.03)      0.20 (   0.04)      0.27 (   0.03)      1.37 (   0.01)   6.58e-08   6.58e-08   6.58e-08   ok
   59      0.27 (   0.03)      0.22 (   0.03)      0.29 (   0.02)      1.75 (   0.00)   6.47e-08   9.70e-08   9.70e-08   ok
   60      0.28 (   0.03)      0.21 (   0.03)      0.32 (   0.02)      1.46 (   0.01)   9.54e-08   9.54e-08   9.54e-08   ok
   61      0.29 (   0.03)      0.22 (   0.03)      0.32 (   0.02)      1.22 (   0.01)   9.38e-08   9.38e-08   1.25e-07   ok
   62      0.29 (   0.03)      0.23 (   0.03)      0.32 (   0.02)      1.64 (   0.00)   9.23e-08   9.23e-08   9.23e-08   ok
   63      0.31 (   0.03)      0.24 (   0.03)      0.32 (   0.03)      1.35 (   0.01)   9.08e-08   9.08e-08   9.08e-08   ok
   64      0.33 (   0.03)      0.25 (   0.03)      0.35 (   0.02)      2.05 (   0.00)   8.94e-08   8.94e-08   8.94e-08   ok
   65      0.28 (   0.03)      0.21 (   0.04)      0.34 (   0.03)      1.71 (   0.01)   1.47e-07   1.47e-07   1.47e-07   ok
   66      0.29 (   0.03)      0.22 (   0.04)      0.33 (   0.03)      2.18 (   0.00)   1.44e-07   1.73e-07   1.44e-07   ok
   67      0.29 (   0.03)      0.23 (   0.04)      0.34 (   0.03)      1.82 (   0.01)   1.42e-07   8.54e-08   8.54e-08   ok
   68      0.27 (   0.04)      0.21 (   0.05)      0.31 (   0.03)      1.87 (   0.01)   1.12e-07   8.41e-08   1.40e-07   ok
   69      0.28 (   0.03)      0.24 (   0.04)      0.31 (   0.03)      1.93 (   0.01)   8.29e-08   8.29e-08   1.11e-07   ok
   70      0.32 (   0.03)      0.25 (   0.04)      0.37 (   0.03)      1.67 (   0.01)   1.09e-07   8.17e-08   8.17e-08   ok
   71      0.34 (   0.03)      0.26 (   0.04)      0.38 (   0.03)      2.52 (   0.00)   1.61e-07   1.07e-07   1.07e-07   ok
   72      0.32 (   0.03)      0.26 (   0.04)      0.40 (   0.03)      2.10 (   0.01)   1.06e-07   1.06e-07   1.06e-07   ok
   73      0.35 (   0.03)      0.26 (   0.04)      0.42 (   0.03)      2.16 (   0.01)   1.57e-07   1.05e-07   1.05e-07   ok
   74      0.34 (   0.03)      0.28 (   0.04)      0.41 (   0.03)      2.22 (   0.01)   7.73e-08   5.15e-08   7.73e-08   ok
   75      0.34 (   0.03)      0.28 (   0.04)      0.42 (   0.03)      2.28 (   0.01)   1.02e-07   7.63e-08   1.02e-07   ok
   76      0.38 (   0.03)      0.29 (   0.04)      0.45 (   0.03)      1.96 (   0.01)   1.00e-07   1.00e-07   7.53e-08   ok
   77      0.38 (   0.03)      0.30 (   0.04)      0.45 (   0.03)      2.02 (   0.01)   7.43e-08   7.43e-08   9.91e-08   ok
   78      0.37 (   0.03)      0.30 (   0.04)      0.47 (   0.03)      2.07 (   0.01)   9.78e-08   9.78e-08   9.78e-08   ok
   79      0.41 (   0.03)      0.32 (   0.04)      0.47 (   0.03)      1.77 (   0.01)   1.45e-07   9.66e-08   9.66e-08   ok
   80      0.39 (   0.03)      0.32 (   0.04)      0.48 (   0.03)      2.59 (   0.01)   9.54e-08   9.54e-08   9.54e-08   ok
   81      0.43 (   0.03)      0.33 (   0.04)      0.43 (   0.03)      2.65 (   0.01)   9.42e-08   9.42e-08   1.41e-07   ok
   82      0.44 (   0.03)      0.33 (   0.04)      0.51 (   0.03)      2.28 (   0.01)   1.16e-07   9.30e-08   9.30e-08   ok
   83      0.46 (   0.03)      0.35 (   0.04)      0.52 (   0.03)      2.25 (   0.01)   9.19e-08   9.19e-08   6.89e-08   ok
   84      0.46 (   0.03)      0.36 (   0.04)      0.53 (   0.03)      2.40 (   0.01)   9.08e-08   1.36e-07   9.08e-08   ok
   85      0.46 (   0.03)      0.37 (   0.04)      0.56 (   0.03)      2.36 (   0.01)   1.12e-07   1.12e-07   1.12e-07   ok
   86      0.47 (   0.03)      0.38 (   0.04)      0.58 (   0.03)      2.09 (   0.01)   1.33e-07   8.87e-08   8.87e-08   ok
   87      0.46 (   0.03)      0.38 (   0.04)      0.58 (   0.03)      2.21 (   0.01)   8.77e-08   1.32e-07   1.32e-07   ok
   88      0.51 (   0.03)      0.39 (   0.04)      0.56 (   0.03)      2.63 (   0.01)   1.30e-07   1.30e-07   1.30e-07   ok
   89      0.49 (   0.03)      0.40 (   0.04)      0.62 (   0.03)      2.32 (   0.01)   8.57e-08   1.29e-07   8.57e-08   ok
   90      0.51 (   0.03)      0.41 (   0.04)      0.53 (   0.03)      2.64 (   0.01)   8.48e-08   8.48e-08   8.48e-08   ok
  100      0.68 (   0.03)      0.50 (   0.04)      0.72 (   0.03)      2.49 (   0.01)   1.14e-07   1.14e-07   1.14e-07   ok
  110      0.76 (   0.03)      0.60 (   0.04)      0.84 (   0.03)      2.70 (   0.01)   1.04e-07   1.04e-07   1.04e-07   ok
  120      0.97 (   0.03)      0.71 (   0.04)      1.00 (   0.03)      4.20 (   0.01)   1.27e-07   1.27e-07   1.27e-07   ok
  130      0.95 (   0.04)      0.83 (   0.04)      1.10 (   0.03)      4.76 (   0.01)   1.76e-07   1.76e-07   1.47e-07   ok
  140      1.06 (   0.04)      0.96 (   0.04)      1.24 (   0.03)      4.87 (   0.01)   1.36e-07   1.36e-07   1.36e-07   ok
  150      1.23 (   0.04)      1.05 (   0.04)      1.29 (   0.04)      5.59 (   0.01)   2.03e-07   1.53e-07   1.27e-07   ok
  160      1.36 (   0.04)      1.19 (   0.04)      1.61 (   0.03)      4.70 (   0.01)   1.43e-07   1.43e-07   1.43e-07   ok
  170      1.57 (   0.04)      1.33 (   0.04)      1.71 (   0.03)      4.43 (   0.01)   1.80e-07   1.35e-07   1.80e-07   ok
  180      1.76 (   0.04)      1.45 (   0.05)      1.67 (   0.04)      5.47 (   0.01)   1.48e-07   1.91e-07   1.48e-07   ok
  190      1.91 (   0.04)      1.65 (   0.04)      2.14 (   0.03)      6.09 (   0.01)   2.01e-07   1.61e-07   1.61e-07   ok
  200      1.96 (   0.04)      1.78 (   0.05)      2.23 (   0.04)      8.03 (   0.01)   2.29e-07   2.29e-07   1.91e-07   ok
  210      2.01 (   0.04)      2.01 (   0.04)      2.46 (   0.04)      7.91 (   0.01)   1.82e-07   1.45e-07   1.45e-07   ok
  220      2.37 (   0.04)      2.20 (   0.04)      2.70 (   0.04)      8.16 (   0.01)   2.43e-07   2.43e-07   2.08e-07   ok
  230      2.59 (   0.04)      2.41 (   0.04)      2.95 (   0.04)      7.55 (   0.01)   2.65e-07   2.32e-07   2.32e-07   ok
  240      2.68 (   0.04)      2.58 (   0.04)      3.21 (   0.04)      8.82 (   0.01)   2.86e-07   2.54e-07   2.54e-07   ok
  250      3.06 (   0.04)      2.51 (   0.05)      3.31 (   0.04)      7.41 (   0.02)   1.53e-07   1.53e-07   1.83e-07   ok
  260      2.95 (   0.05)      2.95 (   0.05)      3.39 (   0.04)      4.13 (   0.03)   2.64e-07   2.05e-07   2.64e-07   ok
  270      3.18 (   0.05)      3.18 (   0.05)      3.65 (   0.04)      3.77 (   0.04)   2.54e-07   2.83e-07   2.83e-07   ok
  280      3.27 (   0.05)      3.35 (   0.05)      3.95 (   0.04)      4.37 (   0.04)   3.27e-07   3.00e-07   3.00e-07   ok
  290      3.67 (   0.05)      3.59 (   0.05)      4.02 (   0.04)      4.12 (   0.04)   3.16e-07   2.63e-07   3.16e-07   ok
  300      4.03 (   0.04)      3.92 (   0.05)      4.30 (   0.04)      4.89 (   0.04)   2.54e-07   2.54e-07   2.54e-07   ok
  310      4.19 (   0.05)      4.00 (   0.05)      4.60 (   0.04)      4.28 (   0.05)   2.46e-07   2.46e-07   2.21e-07   ok
  320      4.37 (   0.05)      4.37 (   0.05)      4.90 (   0.04)      5.16 (   0.04)   2.86e-07   2.86e-07   2.38e-07   ok
  330      4.30 (   0.05)      4.56 (   0.05)      4.95 (   0.04)      4.75 (   0.05)   2.54e-07   2.31e-07   2.31e-07   ok
  340      4.38 (   0.05)      4.84 (   0.05)      5.40 (   0.04)      4.63 (   0.05)   3.59e-07   4.04e-07   3.59e-07   ok
  350      4.91 (   0.05)      5.10 (   0.05)      5.73 (   0.04)      4.62 (   0.05)   2.18e-07   2.18e-07   2.18e-07   ok
  360      5.19 (   0.05)      5.29 (   0.05)      5.65 (   0.05)      5.19 (   0.05)   2.54e-07   2.54e-07   2.54e-07   ok
  370      5.51 (   0.05)      5.59 (   0.05)      6.09 (   0.05)      4.98 (   0.06)   2.89e-07   2.47e-07   2.89e-07   ok
  380      5.57 (   0.05)      5.68 (   0.05)      6.29 (   0.05)      5.35 (   0.05)   2.41e-07   3.21e-07   2.81e-07   ok
  390      5.64 (   0.05)      6.24 (   0.05)      6.49 (   0.05)      6.46 (   0.05)   3.13e-07   2.35e-07   2.35e-07   ok
  400      3.61 (   0.09)      6.41 (   0.05)      6.53 (   0.05)      7.12 (   0.05)   2.67e-07   3.05e-07   2.67e-07   ok
  410      6.15 (   0.05)      6.76 (   0.05)      7.03 (   0.05)      6.86 (   0.05)   2.98e-07   2.61e-07   2.61e-07   ok
  420      6.31 (   0.06)      6.93 (   0.05)      7.06 (   0.05)      7.53 (   0.05)   2.54e-07   2.54e-07   2.54e-07   ok
  430      6.76 (   0.05)      7.44 (   0.05)      7.55 (   0.05)      7.26 (   0.05)   3.19e-07   3.55e-07   3.19e-07   ok
  440      6.93 (   0.06)      7.61 (   0.05)      7.90 (   0.05)      8.61 (   0.05)   2.77e-07   2.77e-07   2.43e-07   ok
  450      6.65 (   0.06)      7.81 (   0.05)      7.81 (   0.05)      6.65 (   0.06)   2.71e-07   2.71e-07   2.71e-07   ok
  460      7.17 (   0.06)      8.31 (   0.05)      8.51 (   0.05)      8.16 (   0.05)   2.99e-07   2.99e-07   2.65e-07   ok
  470      7.37 (   0.06)      8.33 (   0.05)      8.36 (   0.05)      7.77 (   0.06)   3.57e-07   3.57e-07   3.57e-07   ok
  480      7.57 (   0.06)      8.88 (   0.05)      8.88 (   0.05)      8.88 (   0.05)   3.50e-07   3.81e-07   3.50e-07   ok
  490      7.62 (   0.06)      9.05 (   0.05)      9.09 (   0.05)      8.44 (   0.06)   3.74e-07   3.43e-07   3.43e-07   ok
  500      7.96 (   0.06)      9.47 (   0.05)      9.14 (   0.05)      7.05 (   0.07)   3.66e-07   4.27e-07   3.97e-07   ok
  510      8.68 (   0.06)      9.85 (   0.05)      9.30 (   0.06)      6.96 (   0.07)   3.29e-07   3.59e-07   3.59e-07   ok
  520      8.48 (   0.06)     10.01 (   0.05)      9.51 (   0.06)      9.84 (   0.06)   2.93e-07   2.93e-07   2.93e-07   ok
  530      8.81 (   0.06)     10.63 (   0.05)      9.37 (   0.06)      9.68 (   0.06)   3.17e-07   3.17e-07   3.17e-07   ok
  540      9.28 (   0.06)     11.04 (   0.05)      9.72 (   0.06)     10.47 (   0.06)   3.67e-07   3.39e-07   3.39e-07   ok
  550      9.31 (   0.07)     11.25 (   0.05)      9.63 (   0.06)     10.59 (   0.06)   3.61e-07   3.61e-07   3.61e-07   ok
  560      9.94 (   0.06)     11.61 (   0.05)     10.29 (   0.06)     10.85 (   0.06)   3.27e-07   3.27e-07   3.00e-07   ok
  570      9.86 (   0.07)     11.62 (   0.06)     10.71 (   0.06)     10.00 (   0.07)   3.75e-07   3.48e-07   3.75e-07   ok
  580      9.49 (   0.07)     12.03 (   0.06)     10.35 (   0.07)     10.39 (   0.06)   3.42e-07   3.42e-07   3.42e-07   ok
  590      9.98 (   0.07)     12.45 (   0.06)     10.71 (   0.07)     10.26 (   0.07)   4.14e-07   3.88e-07   3.62e-07   ok
  600     10.02 (   0.07)     12.87 (   0.06)     11.29 (   0.06)     10.15 (   0.07)   3.81e-07   3.56e-07   3.56e-07   ok
  610     10.49 (   0.07)     12.81 (   0.06)     10.97 (   0.07)     10.22 (   0.07)   3.25e-07   3.50e-07   3.25e-07   ok
  620     10.84 (   0.07)     13.08 (   0.06)     11.33 (   0.07)      9.76 (   0.08)   3.94e-07   3.69e-07   3.94e-07   ok
  630     11.34 (   0.07)     13.50 (   0.06)     11.70 (   0.07)     10.20 (   0.08)   3.63e-07   2.91e-07   3.15e-07   ok
  640     11.25 (   0.07)     14.40 (   0.06)     12.07 (   0.07)     11.55 (   0.07)   4.29e-07   4.05e-07   4.05e-07   ok
  650     11.27 (   0.08)     14.14 (   0.06)     11.91 (   0.07)     10.86 (   0.08)   3.52e-07   3.52e-07   3.05e-07   ok
  660     11.81 (   0.07)     14.76 (   0.06)     12.12 (   0.07)     11.96 (   0.07)   3.93e-07   3.93e-07   3.70e-07   ok
  670     11.82 (   0.08)     14.97 (   0.06)     12.13 (   0.07)     11.68 (   0.08)   4.10e-07   3.42e-07   3.64e-07   ok
  680     11.88 (   0.08)     15.48 (   0.06)     12.86 (   0.07)     12.18 (   0.08)   4.04e-07   4.04e-07   3.59e-07   ok
  690     12.38 (   0.08)     15.87 (   0.06)     12.90 (   0.07)     11.63 (   0.08)   5.31e-07   5.31e-07   4.87e-07   ok
  700     12.74 (   0.08)     16.14 (   0.06)     13.07 (   0.08)     12.11 (   0.08)   3.71e-07   3.49e-07   3.27e-07   ok
  710     12.60 (   0.08)     16.80 (   0.06)     13.27 (   0.08)     12.45 (   0.08)   3.44e-07   3.44e-07   3.44e-07   ok
  720     13.00 (   0.08)     17.01 (   0.06)     13.48 (   0.08)     13.16 (   0.08)   4.24e-07   4.24e-07   4.66e-07   ok
  730     13.01 (   0.08)     17.49 (   0.06)     14.03 (   0.08)     12.72 (   0.08)   5.02e-07   4.60e-07   4.60e-07   ok
  740     13.22 (   0.08)     17.97 (   0.06)     14.02 (   0.08)     12.60 (   0.09)   4.12e-07   4.12e-07   4.12e-07   ok
  750     13.74 (   0.08)     18.82 (   0.06)     14.27 (   0.08)     12.67 (   0.09)   3.66e-07   3.66e-07   3.66e-07   ok
  760     13.94 (   0.08)     18.66 (   0.06)     14.66 (   0.08)     13.01 (   0.09)   4.02e-07   4.02e-07   4.02e-07   ok
  770     13.32 (   0.09)     18.51 (   0.06)     14.48 (   0.08)     12.24 (   0.10)   6.74e-07   6.34e-07   5.94e-07   ok
  780     13.52 (   0.09)     18.72 (   0.07)     15.03 (   0.08)     12.71 (   0.10)   4.30e-07   3.91e-07   3.91e-07   ok
  790     14.36 (   0.09)     20.16 (   0.06)     15.46 (   0.08)     13.58 (   0.09)   4.25e-07   4.25e-07   3.86e-07   ok
  800     14.73 (   0.09)     20.06 (   0.06)     15.45 (   0.08)     13.21 (   0.10)   4.58e-07   4.20e-07   4.58e-07   ok
  810     14.62 (   0.09)     20.49 (   0.06)     15.61 (   0.08)     13.67 (   0.10)   4.90e-07   3.77e-07   3.77e-07   ok
  820     15.14 (   0.09)     20.39 (   0.07)     16.04 (   0.08)     14.33 (   0.09)   3.72e-07   3.72e-07   3.72e-07   ok
  830     15.51 (   0.09)     20.89 (   0.07)     16.44 (   0.08)     13.15 (   0.10)   4.04e-07   4.41e-07   4.04e-07   ok
  840     15.04 (   0.09)     21.09 (   0.07)     16.42 (   0.09)     14.42 (   0.10)   4.00e-07   4.00e-07   4.00e-07   ok
  850     15.56 (   0.09)     21.29 (   0.07)     17.04 (   0.08)     14.45 (   0.10)   5.39e-07   5.03e-07   5.03e-07   ok
  860     15.41 (   0.10)     22.10 (   0.07)     17.02 (   0.09)     14.35 (   0.10)   5.32e-07   5.32e-07   5.32e-07   ok
  870     16.13 (   0.09)     21.92 (   0.07)     17.23 (   0.09)     14.58 (   0.10)   3.86e-07   4.21e-07   3.86e-07   ok
  880     16.14 (   0.10)     22.82 (   0.07)     17.62 (   0.09)     13.87 (   0.11)   4.51e-07   4.16e-07   4.16e-07   ok
  890     16.88 (   0.09)     22.94 (   0.07)     17.79 (   0.09)     14.15 (   0.11)   4.80e-07   4.80e-07   4.80e-07   ok
  900     15.60 (   0.10)     23.14 (   0.07)     17.81 (   0.09)     13.42 (   0.12)   3.73e-07   4.41e-07   4.07e-07   ok
 1000     18.33 (   0.11)     27.44 (   0.07)     19.62 (   0.10)     14.81 (   0.14)   6.71e-07   6.41e-07   6.10e-07   ok
 1100     19.39 (   0.12)     30.24 (   0.08)     21.62 (   0.11)     15.14 (   0.16)   5.55e-07   5.83e-07   5.83e-07   ok
 1200     21.98 (   0.13)     34.74 (   0.08)     24.23 (   0.12)     16.38 (   0.18)   6.61e-07   6.36e-07   5.85e-07   ok
 1300     23.33 (   0.14)     37.63 (   0.09)     26.42 (   0.13)     15.57 (   0.22)   5.87e-07   5.63e-07   5.40e-07   ok
 1400     25.95 (   0.15)     42.19 (   0.09)     29.07 (   0.13)     17.45 (   0.22)   5.67e-07   5.67e-07   5.23e-07   ok
 1500     27.45 (   0.16)     46.41 (   0.10)     29.24 (   0.15)     16.03 (   0.28)   6.51e-07   5.70e-07   6.10e-07   ok
 1600     29.60 (   0.17)     50.68 (   0.10)     31.60 (   0.16)     17.14 (   0.30)   6.10e-07   6.10e-07   6.48e-07   ok
 1700     31.26 (   0.19)     54.03 (   0.11)     33.64 (   0.17)     17.58 (   0.33)   6.46e-07   6.10e-07   5.74e-07   ok
 1800     33.41 (   0.19)     57.86 (   0.11)     35.46 (   0.18)     16.80 (   0.39)   8.14e-07   8.48e-07   8.14e-07   ok
 1900     35.07 (   0.21)     60.24 (   0.12)     37.83 (   0.19)     18.01 (   0.40)   7.39e-07   7.39e-07   7.07e-07   ok
 2000     37.05 (   0.22)     59.31 (   0.13)     36.73 (   0.22)     18.70 (   0.43)   7.32e-07   8.54e-07   8.85e-07   ok
 2100     37.88 (   0.23)     63.48 (   0.14)     24.37 (   0.36)     17.79 (   0.50)   8.43e-07   7.85e-07   7.85e-07   ok
 2200     39.71 (   0.24)     66.81 (   0.14)     25.21 (   0.38)     18.51 (   0.52)   7.21e-07   7.77e-07   8.05e-07   ok
 2300     41.84 (   0.25)     69.15 (   0.15)     26.13 (   0.41)     18.97 (   0.56)   8.49e-07   7.70e-07   7.70e-07   ok
 2400     43.35 (   0.27)     73.02 (   0.16)     27.19 (   0.42)     20.99 (   0.55)   6.36e-07   6.87e-07   7.12e-07   ok
 2500     44.98 (   0.28)     76.68 (   0.16)     28.05 (   0.45)     21.52 (   0.58)   9.03e-07   8.06e-07   8.06e-07   ok
 2600     47.27 (   0.29)     79.56 (   0.17)     28.97 (   0.47)     21.64 (   0.63)   8.92e-07   8.45e-07   8.45e-07   ok
 2700     48.44 (   0.30)     83.35 (   0.17)     30.08 (   0.48)     21.33 (   0.68)   7.69e-07   7.01e-07   6.78e-07   ok
 2800     51.93 (   0.30)     88.07 (   0.18)     31.43 (   0.50)     21.81 (   0.72)   9.37e-07   9.37e-07   8.72e-07   ok
 2900     52.12 (   0.32)     89.56 (   0.19)     32.22 (   0.52)     21.57 (   0.78)   1.05e-06   1.05e-06   1.05e-06   ok
 3000     53.75 (   0.33)     92.33 (   0.20)     33.91 (   0.53)     21.46 (   0.84)   9.36e-07   8.95e-07   7.73e-07   ok
 3100     55.88 (   0.34)     97.16 (   0.20)     34.21 (   0.56)     22.43 (   0.86)   9.06e-07   9.84e-07   9.45e-07   ok
 3200     57.71 (   0.36)     98.43 (   0.21)     35.39 (   0.58)     22.56 (   0.91)   9.16e-07   8.77e-07   9.16e-07   ok
 3300     59.38 (   0.37)    100.86 (   0.22)     36.26 (   0.60)     23.13 (   0.94)   9.62e-07   9.62e-07   9.25e-07   ok
 3400     61.86 (   0.37)    103.19 (   0.22)     37.42 (   0.62)     22.79 (   1.01)   1.15e-06   1.11e-06   1.15e-06   ok
 3500     62.68 (   0.39)    107.97 (   0.23)     38.83 (   0.63)     23.72 (   1.03)   8.72e-07   9.42e-07   8.72e-07   ok
 3600     64.35 (   0.40)    110.74 (   0.23)     39.34 (   0.66)     23.92 (   1.08)   1.19e-06   1.15e-06   1.12e-06   ok
 3700     66.63 (   0.41)    109.92 (   0.25)     40.28 (   0.68)     23.69 (   1.16)   8.58e-07   8.91e-07   8.91e-07   ok
 3800     68.61 (   0.42)    111.98 (   0.26)     41.27 (   0.70)     23.66 (   1.22)   1.09e-06   1.03e-06   1.06e-06   ok
 3900     68.84 (   0.44)    110.21 (   0.28)     42.50 (   0.72)     23.75 (   1.28)   1.41e-06   1.28e-06   1.31e-06   ok
 4000     69.45 (   0.46)    111.14 (   0.29)     43.43 (   0.74)     22.80 (   1.40)   1.13e-06   1.16e-06   1.10e-06   ok
 4100     70.66 (   0.48)    111.76 (   0.30)     31.34 (   1.07)     23.47 (   1.43)   1.13e-06   1.10e-06   1.07e-06   ok
 4200     72.31 (   0.49)    114.91 (   0.31)     32.71 (   1.08)     23.49 (   1.50)   1.13e-06   1.13e-06   1.13e-06   ok
 4300     74.12 (   0.50)    112.02 (   0.33)     33.75 (   1.10)     23.96 (   1.54)   1.02e-06   1.08e-06   1.05e-06   ok
 4400     75.94 (   0.51)    113.59 (   0.34)     34.42 (   1.13)     24.76 (   1.56)   1.25e-06   1.22e-06   1.33e-06   ok
 4500     77.76 (   0.52)    114.11 (   0.36)     35.41 (   1.14)     24.67 (   1.64)   1.17e-06   1.09e-06   1.09e-06   ok
 4600     80.34 (   0.53)    114.10 (   0.37)     36.06 (   1.17)     23.39 (   1.81)   1.41e-06   1.51e-06   1.49e-06   ok
 4700     81.22 (   0.54)    117.53 (   0.38)     36.55 (   1.21)     24.15 (   1.83)   1.40e-06   1.22e-06   1.27e-06   ok
 4800     82.72 (   0.56)    115.20 (   0.40)     37.44 (   1.23)     23.82 (   1.94)   1.22e-06   1.09e-06   1.12e-06   ok
 4900     80.74 (   0.59)    114.92 (   0.42)     38.18 (   1.26)     24.18 (   1.99)   1.35e-06   1.20e-06   1.15e-06   ok
 5000     81.46 (   0.61)    114.94 (   0.44)     38.95 (   1.28)     24.09 (   2.08)   1.07e-06   1.07e-06   1.05e-06   ok
 5100     81.80 (   0.64)    116.70 (   0.45)     39.63 (   1.31)     24.99 (   2.08)   1.20e-06   1.32e-06   1.24e-06   ok
 5200     81.70 (   0.66)    116.05 (   0.47)     40.07 (   1.35)     24.96 (   2.17)   1.29e-06   1.46e-06   1.34e-06   ok
 5300     81.07 (   0.69)    115.87 (   0.48)     40.95 (   1.37)     25.50 (   2.20)   1.20e-06   1.27e-06   1.15e-06   ok
 5400     81.93 (   0.71)    121.72 (   0.48)     40.62 (   1.44)     25.02 (   2.33)   1.54e-06   1.60e-06   1.58e-06   ok
 5500     82.32 (   0.74)    111.02 (   0.55)     42.41 (   1.43)     25.21 (   2.40)   1.40e-06   1.46e-06   1.35e-06   ok
 5600     83.08 (   0.76)    121.81 (   0.51)     42.96 (   1.46)     25.48 (   2.46)   1.53e-06   1.31e-06   1.40e-06   ok
 5700     83.85 (   0.78)    119.93 (   0.54)     43.39 (   1.50)     25.26 (   2.57)   1.46e-06   1.54e-06   1.50e-06   ok
 5800     82.77 (   0.81)    121.03 (   0.56)     44.25 (   1.52)     24.64 (   2.73)   1.47e-06   1.43e-06   1.35e-06   ok
 5900     83.78 (   0.83)    120.88 (   0.58)     44.84 (   1.55)     25.27 (   2.76)   1.28e-06   1.24e-06   1.20e-06   ok
 6000     84.32 (   0.85)    121.64 (   0.59)     45.67 (   1.58)     25.36 (   2.84)   1.30e-06   1.34e-06   1.34e-06   ok
 6100     84.77 (   0.88)    124.88 (   0.60)     45.95 (   1.62)     25.21 (   2.95)   1.52e-06   1.44e-06   1.44e-06   ok
 6200     86.79 (   0.89)    125.44 (   0.61)     36.08 (   2.13)     24.87 (   3.09)   1.42e-06   1.30e-06   1.38e-06   ok
 6300     87.15 (   0.91)    125.61 (   0.63)     37.59 (   2.11)     24.37 (   3.26)   1.98e-06   1.98e-06   1.98e-06   failed
 6400     87.27 (   0.94)    125.28 (   0.65)     38.29 (   2.14)     24.79 (   3.30)   1.49e-06   1.37e-06   1.41e-06   ok
 6500     88.13 (   0.96)    126.10 (   0.67)     38.66 (   2.19)     25.06 (   3.37)   1.65e-06   1.50e-06   1.50e-06   ok
 6600     88.38 (   0.99)    126.63 (   0.69)     39.37 (   2.21)     25.13 (   3.47)   1.66e-06   1.70e-06   1.66e-06   ok
 6700     88.80 (   1.01)    126.64 (   0.71)     39.44 (   2.28)     25.04 (   3.59)   1.49e-06   1.57e-06   1.60e-06   ok
 6800     88.61 (   1.04)    128.08 (   0.72)     40.16 (   2.30)     25.38 (   3.64)   1.65e-06   1.69e-06   1.62e-06   ok
 6900     88.08 (   1.08)    128.69 (   0.74)     40.89 (   2.33)     25.12 (   3.79)   1.59e-06   1.63e-06   1.56e-06   ok
 7000     89.51 (   1.10)    131.72 (   0.74)     41.53 (   2.36)     25.32 (   3.87)   1.36e-06   1.40e-06   1.33e-06   ok
 7100     90.20 (   1.12)    131.67 (   0.77)     41.99 (   2.40)     25.03 (   4.03)   1.65e-06   1.55e-06   1.48e-06   ok
 7200     91.52 (   1.13)    132.28 (   0.78)     42.57 (   2.44)     25.35 (   4.09)   2.14e-06   2.17e-06   2.17e-06   failed
 7300     91.56 (   1.16)    132.24 (   0.81)     43.05 (   2.48)     25.36 (   4.20)   1.64e-06   1.54e-06   1.47e-06   ok
 7400     91.05 (   1.20)    131.64 (   0.83)     43.67 (   2.51)     25.72 (   4.26)   1.68e-06   1.68e-06   1.65e-06   ok
 7500     92.46 (   1.22)    131.60 (   0.85)     44.32 (   2.54)     25.40 (   4.43)   1.73e-06   1.66e-06   1.76e-06   ok
 7600     93.93 (   1.23)    130.72 (   0.88)     43.45 (   2.66)     25.05 (   4.61)   1.73e-06   1.61e-06   1.57e-06   ok
 7700     93.01 (   1.28)    132.65 (   0.89)     44.99 (   2.64)     25.44 (   4.66)   1.68e-06   1.68e-06   1.78e-06   ok
 7800     94.93 (   1.28)    131.72 (   0.92)     45.44 (   2.68)     25.36 (   4.80)   1.50e-06   1.53e-06   1.57e-06   ok
 7900     94.43 (   1.32)    132.52 (   0.94)     46.06 (   2.71)     25.39 (   4.92)   1.51e-06   1.48e-06   1.45e-06   ok
 8000     94.07 (   1.36)    134.03 (   0.96)     46.77 (   2.74)     25.81 (   4.96)   1.71e-06   1.86e-06   1.89e-06   failed
 8100     95.93 (   1.37)    135.74 (   0.97)     46.55 (   2.82)     24.99 (   5.25)   1.48e-06   1.45e-06   1.39e-06   ok
 8200     96.76 (   1.39)    134.89 (   1.00)     38.45 (   3.50)     24.65 (   5.46)   1.58e-06   1.46e-06   1.55e-06   ok
 8300     97.66 (   1.41)    133.79 (   1.03)     39.84 (   3.46)     25.37 (   5.43)   1.68e-06   1.65e-06   1.68e-06   ok
 8400     97.73 (   1.44)    133.90 (   1.05)     39.19 (   3.60)     25.43 (   5.55)   1.71e-06   1.71e-06   1.80e-06   failed
 8500     98.11 (   1.47)    134.31 (   1.08)     40.18 (   3.60)     25.12 (   5.75)   1.67e-06   1.58e-06   1.58e-06   ok
 8600     98.82 (   1.50)    134.98 (   1.10)     41.25 (   3.59)     24.53 (   6.03)   1.65e-06   1.67e-06   1.65e-06   ok
 8700     98.18 (   1.54)    132.35 (   1.14)     41.45 (   3.65)     25.11 (   6.03)   1.99e-06   1.91e-06   1.85e-06   failed
 8800     97.61 (   1.59)    133.98 (   1.16)     41.94 (   3.69)     24.86 (   6.23)   2.03e-06   1.89e-06   1.75e-06   failed
 8900     99.10 (   1.60)    134.71 (   1.18)     41.20 (   3.85)     24.50 (   6.47)   1.84e-06   1.73e-06   1.76e-06   failed
 9000    100.32 (   1.62)    133.35 (   1.21)     42.00 (   3.86)     24.85 (   6.52)   1.65e-06   1.60e-06   1.55e-06   ok
10000    103.15 (   1.94)    134.51 (   1.49)     46.59 (   4.29)     24.76 (   8.08)   1.71e-06   1.95e-06   1.76e-06   failed
12000    103.38 (   2.79)    139.21 (   2.07)     45.93 (   6.27)     24.42 (  11.79)   2.08e-06   1.87e-06   1.95e-06   failed
14000    111.09 (   3.53)    140.81 (   2.78)     46.68 (   8.40)     24.32 (  16.12)   2.58e-06   2.27e-06   2.55e-06   failed
16000    112.26 (   4.56)    139.66 (   3.67)     47.13 (  10.86)     23.76 (  21.55)   2.62e-06   2.59e-06   2.59e-06   failed
18000    113.15 (   5.73)    143.27 (   4.52)     46.33 (  13.99)     24.10 (  26.88)   2.50e-06   2.50e-06   2.41e-06   failed
20000    116.15 (   6.89)    143.68 (   5.57)     46.93 (  17.05)     24.47 (  32.69)   2.69e-06   2.64e-06   2.64e-06   failed
Sun Feb  7 19:01:32 EST 2016

Sun Feb  7 19:01:33 EST 2016
numactl --interleave=all ../testing/testing_ssymv -U -N 123 -N 1234 --range 10:90:1 --range 100:900:10 --range 1000:9000:100 --range 10000:20000:2000
% MAGMA 2.0.0 beta7 compiled for CUDA capability >= 3.5, 64-bit magma_int_t, 64-bit pointer.
% CUDA runtime 7000, driver 7050. OpenMP threads 16. MKL 11.2.2, MKL threads 16. 
% device 0: Tesla K40c, 745.0 MHz clock, 11519.6 MB memory, capability 3.5
% device 1: Tesla K40c, 745.0 MHz clock, 11519.6 MB memory, capability 3.5
% Sun Feb  7 19:01:34 2016
% Usage: ../testing/testing_ssymv [options] [-h|--help]

% uplo = Upper
%   N   MAGMA Gflop/s (ms)    Atomics Gflop/s      CUBLAS Gflop/s       CPU Gflop/s   MAGMA error  Atomics    CUBLAS
%=====================================================================================================================
  123      0.74 (   0.04)      0.62 (   0.05)      0.48 (   0.06)      0.48 (   0.06)   1.86e-07   2.48e-07   1.86e-07   ok
 1234     20.59 (   0.15)     36.63 (   0.08)     25.02 (   0.12)      9.96 (   0.31)   5.44e-07   5.44e-07   5.19e-07   ok
   10      0.01 (   0.03)      0.01 (   0.03)      0.01 (   0.02)      0.10 (   0.00)   9.54e-08   9.54e-08   4.77e-08   ok
   11      0.01 (   0.03)      0.01 (   0.03)      0.01 (   0.02)      0.09 (   0.00)   4.33e-08   4.33e-08   4.33e-08   ok
   12      0.01 (   0.03)      0.01 (   0.03)      0.02 (   0.02)      0.15 (   0.00)   1.99e-08   1.99e-08   3.97e-08   ok
   13      0.01 (   0.03)      0.01 (   0.03)      0.02 (   0.02)      0.17 (   0.00)   3.67e-08   3.67e-08   7.34e-08   ok
   14      0.02 (   0.03)      0.01 (   0.03)      0.02 (   0.02)      0.22 (   0.00)   6.81e-08   6.81e-08   6.81e-08   ok
   15      0.02 (   0.03)      0.01 (   0.03)      0.03 (   0.02)      0.25 (   0.00)   9.54e-08   6.36e-08   9.54e-08   ok
   16      0.02 (   0.03)      0.02 (   0.03)      0.03 (   0.02)      0.18 (   0.00)   2.98e-08   2.98e-08   5.96e-08   ok
   17      0.02 (   0.03)      0.02 (   0.04)      0.03 (   0.02)      0.29 (   0.00)   1.12e-07   1.12e-07   1.12e-07   ok
   18      0.03 (   0.03)      0.02 (   0.03)      0.03 (   0.02)      0.24 (   0.00)   5.30e-08   7.95e-08   7.95e-08   ok
   19      0.03 (   0.03)      0.03 (   0.03)      0.04 (   0.02)      0.40 (   0.00)   2.51e-08   5.02e-08   5.02e-08   ok
   20      0.03 (   0.03)      0.03 (   0.03)      0.04 (   0.02)      0.44 (   0.00)   7.15e-08   7.15e-08   7.15e-08   ok
   21      0.04 (   0.03)      0.03 (   0.03)      0.05 (   0.02)      0.32 (   0.00)   9.08e-08   9.08e-08   4.54e-08   ok
   22      0.04 (   0.03)      0.04 (   0.03)      0.05 (   0.02)      0.53 (   0.00)   4.33e-08   8.67e-08   8.67e-08   ok
   23      0.04 (   0.03)      0.04 (   0.03)      0.06 (   0.02)      0.36 (   0.00)   4.15e-08   4.15e-08   8.29e-08   ok
   24      0.04 (   0.03)      0.04 (   0.03)      0.07 (   0.02)      0.42 (   0.00)   7.95e-08   7.95e-08   7.95e-08   ok
   25      0.05 (   0.03)      0.05 (   0.03)      0.07 (   0.02)      0.68 (   0.00)   7.63e-08   7.63e-08   7.63e-08   ok
   26      0.05 (   0.03)      0.05 (   0.03)      0.07 (   0.02)      0.49 (   0.00)   1.10e-07   1.10e-07   1.10e-07   ok
   27      0.06 (   0.03)      0.05 (   0.03)      0.07 (   0.02)      0.79 (   0.00)   1.06e-07   7.06e-08   1.06e-07   ok
   28      0.06 (   0.03)      0.05 (   0.03)      0.08 (   0.02)      0.85 (   0.00)   6.81e-08   6.81e-08   1.02e-07   ok
   29      0.06 (   0.03)      0.06 (   0.03)      0.09 (   0.02)      0.56 (   0.00)   9.87e-08   1.32e-07   6.58e-08   ok
   30      0.07 (   0.03)      0.06 (   0.03)      0.09 (   0.02)      0.87 (   0.00)   9.54e-08   9.54e-08   9.54e-08   ok
   31      0.07 (   0.03)      0.07 (   0.03)      0.10 (   0.02)      1.04 (   0.00)   9.23e-08   9.23e-08   6.15e-08   ok
   32      0.08 (   0.03)      0.07 (   0.03)      0.11 (   0.02)      0.68 (   0.00)   5.96e-08   5.96e-08   8.94e-08   ok
   33      0.09 (   0.03)      0.07 (   0.03)      0.10 (   0.02)      0.72 (   0.00)   8.67e-08   8.67e-08   8.67e-08   ok
   34      0.09 (   0.03)      0.08 (   0.03)      0.10 (   0.02)      0.77 (   0.00)   8.41e-08   1.12e-07   1.12e-07   ok
   35      0.09 (   0.03)      0.08 (   0.03)      0.11 (   0.02)      0.88 (   0.00)   8.17e-08   8.17e-08   5.45e-08   ok
   36      0.09 (   0.03)      0.09 (   0.03)      0.12 (   0.02)      1.24 (   0.00)   7.95e-08   1.06e-07   7.95e-08   ok
   37      0.11 (   0.03)      0.09 (   0.03)      0.13 (   0.02)      0.91 (   0.00)   7.73e-08   7.73e-08   7.73e-08   ok
   38      0.10 (   0.03)      0.10 (   0.03)      0.14 (   0.02)      0.73 (   0.00)   1.00e-07   1.00e-07   1.00e-07   ok
   39      0.11 (   0.03)      0.10 (   0.03)      0.14 (   0.02)      1.09 (   0.00)   7.34e-08   4.89e-08   4.89e-08   ok
   40      0.11 (   0.03)      0.11 (   0.03)      0.14 (   0.02)      1.06 (   0.00)   9.54e-08   7.15e-08   9.54e-08   ok
   41      0.13 (   0.03)      0.11 (   0.03)      0.16 (   0.02)      0.85 (   0.00)   6.98e-08   9.30e-08   9.30e-08   ok
   42      0.13 (   0.03)      0.12 (   0.03)      0.16 (   0.02)      1.17 (   0.00)   9.08e-08   9.08e-08   9.08e-08   ok
   43      0.13 (   0.03)      0.12 (   0.03)      0.17 (   0.02)      0.99 (   0.00)   8.87e-08   8.87e-08   8.87e-08   ok
   44      0.14 (   0.03)      0.13 (   0.03)      0.18 (   0.02)      1.28 (   0.00)   1.30e-07   1.30e-07   1.08e-07   ok
   45      0.15 (   0.03)      0.13 (   0.03)      0.19 (   0.02)      1.45 (   0.00)   1.06e-07   8.48e-08   8.48e-08   ok
   46      0.17 (   0.03)      0.14 (   0.03)      0.19 (   0.02)      1.40 (   0.00)   8.29e-08   8.29e-08   8.29e-08   ok
   47      0.18 (   0.02)      0.15 (   0.03)      0.20 (   0.02)      1.11 (   0.00)   1.22e-07   1.22e-07   1.22e-07   ok
   48      0.18 (   0.03)      0.16 (   0.03)      0.21 (   0.02)      1.16 (   0.00)   7.95e-08   1.19e-07   1.19e-07   ok
   49      0.19 (   0.03)      0.16 (   0.03)      0.21 (   0.02)      1.21 (   0.00)   1.56e-07   1.56e-07   1.56e-07   ok
   50      0.20 (   0.03)      0.16 (   0.03)      0.21 (   0.02)      1.26 (   0.00)   1.14e-07   7.63e-08   1.14e-07   ok
   51      0.20 (   0.03)      0.16 (   0.03)      0.23 (   0.02)      1.71 (   0.00)   1.12e-07   1.12e-07   1.12e-07   ok
   52      0.22 (   0.03)      0.18 (   0.03)      0.25 (   0.02)      1.36 (   0.00)   1.10e-07   7.34e-08   7.34e-08   ok
   53      0.21 (   0.03)      0.18 (   0.03)      0.26 (   0.02)      1.50 (   0.00)   1.44e-07   1.44e-07   1.44e-07   ok
   54      0.22 (   0.03)      0.18 (   0.03)      0.26 (   0.02)      1.56 (   0.00)   1.06e-07   1.06e-07   1.06e-07   ok
   55      0.23 (   0.03)      0.19 (   0.03)      0.25 (   0.03)      1.52 (   0.00)   1.39e-07   1.04e-07   1.39e-07   ok
   56      0.23 (   0.03)      0.19 (   0.03)      0.27 (   0.02)      1.58 (   0.00)   1.36e-07   1.36e-07   1.02e-07   ok
   57      0.23 (   0.03)      0.20 (   0.03)      0.28 (   0.02)      1.63 (   0.00)   6.69e-08   1.00e-07   1.00e-07   ok
   58      0.24 (   0.03)      0.21 (   0.03)      0.27 (   0.03)      1.69 (   0.00)   1.32e-07   9.87e-08   1.32e-07   ok
   59      0.26 (   0.03)      0.21 (   0.03)      0.28 (   0.03)      1.86 (   0.00)   1.29e-07   1.29e-07   9.70e-08   ok
   60      0.25 (   0.03)      0.21 (   0.03)      0.30 (   0.02)      1.81 (   0.00)   1.27e-07   1.27e-07   9.54e-08   ok
   61      0.29 (   0.03)      0.22 (   0.03)      0.30 (   0.03)      1.87 (   0.00)   9.38e-08   9.38e-08   9.38e-08   ok
   62      0.30 (   0.03)      0.22 (   0.04)      0.32 (   0.02)      1.93 (   0.00)   1.23e-07   1.23e-07   1.23e-07   ok
   63      0.28 (   0.03)      0.24 (   0.03)      0.31 (   0.03)      1.99 (   0.00)   1.51e-07   9.08e-08   1.21e-07   ok
   64      0.26 (   0.03)      0.25 (   0.03)      0.33 (   0.03)      2.05 (   0.00)   8.94e-08   8.94e-08   8.94e-08   ok
   65      0.27 (   0.03)      0.20 (   0.04)      0.34 (   0.03)      1.71 (   0.01)   1.17e-07   8.80e-08   1.17e-07   ok
   66      0.29 (   0.03)      0.21 (   0.04)      0.34 (   0.03)      1.77 (   0.01)   1.73e-07   1.44e-07   1.16e-07   ok
   67      0.29 (   0.03)      0.22 (   0.04)      0.35 (   0.03)      2.25 (   0.00)   1.14e-07   1.14e-07   1.14e-07   ok
   68      0.30 (   0.03)      0.23 (   0.04)      0.37 (   0.03)      2.32 (   0.00)   1.40e-07   1.12e-07   1.12e-07   ok
   69      0.28 (   0.03)      0.24 (   0.04)      0.37 (   0.03)      2.03 (   0.00)   1.38e-07   1.11e-07   1.11e-07   ok
   70      0.32 (   0.03)      0.24 (   0.04)      0.40 (   0.03)      2.61 (   0.00)   1.09e-07   1.09e-07   1.09e-07   ok
   71      0.32 (   0.03)      0.25 (   0.04)      0.39 (   0.03)      2.04 (   0.01)   1.34e-07   1.61e-07   1.34e-07   ok
   72      0.32 (   0.03)      0.26 (   0.04)      0.40 (   0.03)      2.59 (   0.00)   1.59e-07   1.32e-07   1.32e-07   ok
   73      0.33 (   0.03)      0.26 (   0.04)      0.43 (   0.03)      2.67 (   0.00)   1.57e-07   1.05e-07   1.31e-07   ok
   74      0.36 (   0.03)      0.26 (   0.04)      0.41 (   0.03)      2.22 (   0.01)   1.80e-07   1.03e-07   1.29e-07   ok
   75      0.38 (   0.03)      0.28 (   0.04)      0.47 (   0.02)      2.28 (   0.01)   1.53e-07   1.02e-07   1.02e-07   ok
   76      0.39 (   0.03)      0.29 (   0.04)      0.49 (   0.02)      2.34 (   0.01)   1.00e-07   1.00e-07   1.51e-07   ok
   77      0.40 (   0.03)      0.31 (   0.04)      0.50 (   0.02)      2.40 (   0.01)   1.49e-07   1.49e-07   1.49e-07   ok
   78      0.41 (   0.03)      0.32 (   0.04)      0.50 (   0.02)      2.46 (   0.01)   1.22e-07   9.78e-08   9.78e-08   ok
   79      0.42 (   0.03)      0.31 (   0.04)      0.50 (   0.03)      2.52 (   0.01)   1.45e-07   1.45e-07   1.45e-07   ok
   80      0.42 (   0.03)      0.32 (   0.04)      0.54 (   0.02)      2.59 (   0.01)   1.43e-07   1.43e-07   1.43e-07   ok
   81      0.43 (   0.03)      0.33 (   0.04)      0.53 (   0.03)      2.65 (   0.01)   1.41e-07   9.42e-08   1.18e-07   ok
   82      0.44 (   0.03)      0.34 (   0.04)      0.54 (   0.03)      2.28 (   0.01)   1.63e-07   1.40e-07   9.30e-08   ok
   83      0.46 (   0.03)      0.34 (   0.04)      0.58 (   0.02)      2.34 (   0.01)   1.38e-07   1.38e-07   1.15e-07   ok
   84      0.48 (   0.03)      0.36 (   0.04)      0.55 (   0.03)      2.85 (   0.01)   1.82e-07   1.82e-07   1.82e-07   ok
   85      0.46 (   0.03)      0.36 (   0.04)      0.58 (   0.03)      2.92 (   0.01)   1.35e-07   1.57e-07   1.35e-07   ok
   86      0.47 (   0.03)      0.36 (   0.04)      0.60 (   0.03)      2.99 (   0.01)   1.33e-07   1.33e-07   1.33e-07   ok
   87      0.48 (   0.03)      0.37 (   0.04)      0.59 (   0.03)      3.06 (   0.01)   1.75e-07   1.32e-07   1.32e-07   ok
   88      0.49 (   0.03)      0.38 (   0.04)      0.58 (   0.03)      2.63 (   0.01)   1.30e-07   1.30e-07   1.73e-07   ok
   89      0.50 (   0.03)      0.40 (   0.04)      0.62 (   0.03)      2.69 (   0.01)   1.71e-07   1.71e-07   1.71e-07   ok
   90      0.51 (   0.03)      0.39 (   0.04)      0.63 (   0.03)      3.27 (   0.01)   1.27e-07   1.27e-07   1.27e-07   ok
  100      0.65 (   0.03)      0.49 (   0.04)      0.69 (   0.03)      3.26 (   0.01)   1.14e-07   1.14e-07   1.14e-07   ok
  110      0.74 (   0.03)      0.60 (   0.04)      0.85 (   0.03)      3.41 (   0.01)   1.73e-07   2.08e-07   1.73e-07   ok
  120      0.85 (   0.03)      0.71 (   0.04)      0.97 (   0.03)      3.58 (   0.01)   1.91e-07   1.59e-07   1.91e-07   ok
  130      0.90 (   0.04)      0.79 (   0.04)      1.07 (   0.03)      4.20 (   0.01)   2.35e-07   1.76e-07   1.76e-07   ok
  140      0.99 (   0.04)      0.92 (   0.04)      1.19 (   0.03)      4.48 (   0.01)   1.63e-07   1.91e-07   1.91e-07   ok
  150      1.22 (   0.04)      1.06 (   0.04)      1.37 (   0.03)      5.76 (   0.01)   1.78e-07   2.03e-07   1.78e-07   ok
  160      1.39 (   0.04)      1.17 (   0.04)      1.61 (   0.03)      5.69 (   0.01)   1.91e-07   1.91e-07   2.15e-07   ok
  170      1.49 (   0.04)      1.32 (   0.04)      1.72 (   0.03)      6.42 (   0.01)   2.24e-07   2.24e-07   1.80e-07   ok
  180      1.81 (   0.04)      1.51 (   0.04)      1.97 (   0.03)      8.28 (   0.01)   1.70e-07   1.48e-07   1.48e-07   ok
  190      1.96 (   0.04)      1.65 (   0.04)      2.21 (   0.03)      6.62 (   0.01)   3.21e-07   2.81e-07   2.41e-07   ok
  200      1.87 (   0.04)      1.82 (   0.04)      2.36 (   0.03)      8.03 (   0.01)   2.29e-07   2.29e-07   2.29e-07   ok
  210      1.97 (   0.05)      1.97 (   0.05)      2.40 (   0.04)      8.08 (   0.01)   2.54e-07   2.91e-07   2.54e-07   ok
  220      2.17 (   0.04)      2.17 (   0.04)      2.70 (   0.04)      8.87 (   0.01)   2.77e-07   2.77e-07   2.43e-07   ok
  230      2.41 (   0.04)      2.36 (   0.05)      2.88 (   0.04)      8.91 (   0.01)   3.32e-07   2.65e-07   2.99e-07   ok
  240      2.58 (   0.04)      2.51 (   0.05)      3.13 (   0.04)      9.51 (   0.01)   2.23e-07   2.54e-07   2.54e-07   ok
  250      2.80 (   0.04)      2.79 (   0.05)      3.29 (   0.04)      8.36 (   0.02)   2.14e-07   2.14e-07   2.14e-07   ok
  260      2.83 (   0.05)      2.95 (   0.05)      3.47 (   0.04)      4.13 (   0.03)   2.93e-07   2.93e-07   2.93e-07   ok
  270      3.04 (   0.05)      3.26 (   0.04)      3.84 (   0.04)      4.58 (   0.03)   2.83e-07   2.83e-07   2.83e-07   ok
  280      3.28 (   0.05)      3.35 (   0.05)      3.93 (   0.04)      4.62 (   0.03)   3.00e-07   2.72e-07   2.45e-07   ok
  290      3.50 (   0.05)      3.59 (   0.05)      4.02 (   0.04)      4.14 (   0.04)   2.63e-07   2.37e-07   2.37e-07   ok
  300      3.70 (   0.05)      3.85 (   0.05)      4.30 (   0.04)      5.02 (   0.04)   3.31e-07   3.56e-07   3.05e-07   ok
  310      4.00 (   0.05)      4.11 (   0.05)      4.70 (   0.04)      4.60 (   0.04)   2.71e-07   2.95e-07   3.20e-07   ok
  320      4.29 (   0.05)      4.46 (   0.05)      4.90 (   0.04)      4.90 (   0.04)   3.34e-07   3.10e-07   3.10e-07   ok
  330      4.20 (   0.05)      4.54 (   0.05)      5.21 (   0.04)      4.85 (   0.05)   2.54e-07   2.77e-07   3.01e-07   ok
  340      4.30 (   0.05)      4.84 (   0.05)      5.26 (   0.04)      5.15 (   0.05)   3.59e-07   2.69e-07   3.59e-07   ok
  350      4.46 (   0.06)      5.10 (   0.05)      5.60 (   0.04)      5.03 (   0.05)   2.83e-07   2.62e-07   2.62e-07   ok
  360      4.64 (   0.06)      5.29 (   0.05)      5.65 (   0.05)      4.91 (   0.05)   2.97e-07   2.54e-07   2.97e-07   ok
  370      5.28 (   0.05)      5.62 (   0.05)      6.22 (   0.04)      5.19 (   0.05)   2.89e-07   2.47e-07   2.47e-07   ok
  380      5.17 (   0.06)      5.78 (   0.05)      6.43 (   0.05)      5.08 (   0.06)   4.02e-07   3.21e-07   3.61e-07   ok
  390      5.02 (   0.06)      6.09 (   0.05)      6.49 (   0.05)      7.44 (   0.04)   3.13e-07   3.52e-07   3.13e-07   ok
  400      3.49 (   0.09)      6.44 (   0.05)      6.83 (   0.05)      8.06 (   0.04)   3.43e-07   2.67e-07   3.05e-07   ok
  410      5.79 (   0.06)      6.73 (   0.05)      7.32 (   0.05)      7.85 (   0.04)   4.09e-07   4.09e-07   4.47e-07   ok
  420      5.79 (   0.06)      6.93 (   0.05)      6.80 (   0.05)      7.69 (   0.05)   3.27e-07   3.27e-07   3.27e-07   ok
  430      6.19 (   0.06)      7.40 (   0.05)      7.58 (   0.05)      7.40 (   0.05)   3.55e-07   3.90e-07   3.90e-07   ok
  440      6.56 (   0.06)      7.61 (   0.05)      7.90 (   0.05)      7.43 (   0.05)   3.81e-07   3.47e-07   3.47e-07   ok
  450      6.45 (   0.06)      8.30 (   0.05)      8.26 (   0.05)      7.24 (   0.06)   3.73e-07   4.07e-07   3.73e-07   ok
  460      6.52 (   0.07)      8.31 (   0.05)      8.31 (   0.05)      7.57 (   0.06)   3.32e-07   3.65e-07   3.65e-07   ok
  470      6.83 (   0.06)      8.52 (   0.05)      8.52 (   0.05)      7.25 (   0.06)   4.55e-07   3.57e-07   3.90e-07   ok
  480      7.23 (   0.06)      9.05 (   0.05)      9.27 (   0.05)      7.45 (   0.06)   3.18e-07   3.50e-07   3.18e-07   ok
  490      7.08 (   0.07)      9.05 (   0.05)      9.09 (   0.05)      6.77 (   0.07)   4.36e-07   4.05e-07   4.36e-07   ok
  500      7.84 (   0.06)      9.47 (   0.05)      9.26 (   0.05)      7.25 (   0.07)   3.97e-07   4.27e-07   3.97e-07   ok
  510      7.67 (   0.07)      9.63 (   0.05)      9.30 (   0.06)      6.85 (   0.08)   4.19e-07   3.59e-07   3.59e-07   ok
  520      7.63 (   0.07)     10.42 (   0.05)      9.67 (   0.06)     10.62 (   0.05)   3.52e-07   3.81e-07   3.81e-07   ok
  530      8.14 (   0.07)     11.03 (   0.05)      9.88 (   0.06)     10.45 (   0.05)   4.89e-07   4.89e-07   4.89e-07   ok
  540      8.48 (   0.07)     11.04 (   0.05)      9.88 (   0.06)     10.61 (   0.06)   3.96e-07   3.67e-07   4.24e-07   ok
  550      7.99 (   0.08)     10.64 (   0.06)      9.45 (   0.06)      9.78 (   0.06)   4.44e-07   4.72e-07   4.44e-07   ok
  560      8.73 (   0.07)     11.41 (   0.06)     10.29 (   0.06)     10.10 (   0.06)   4.36e-07   4.09e-07   3.81e-07   ok
  570      9.04 (   0.07)     12.03 (   0.05)     10.50 (   0.06)      9.72 (   0.07)   3.75e-07   3.75e-07   3.21e-07   ok
  580      9.09 (   0.07)     11.83 (   0.06)     10.35 (   0.07)      9.61 (   0.07)   3.95e-07   3.95e-07   3.68e-07   ok
  590      9.29 (   0.08)     12.94 (   0.05)     10.91 (   0.06)      8.63 (   0.08)   3.62e-07   4.14e-07   3.62e-07   ok
  600      9.89 (   0.07)     13.15 (   0.05)     11.41 (   0.06)      8.59 (   0.08)   3.81e-07   3.81e-07   4.58e-07   ok
  610      9.42 (   0.08)     13.08 (   0.06)     11.29 (   0.07)      7.76 (   0.10)   3.75e-07   3.75e-07   3.25e-07   ok
  620     10.25 (   0.08)     13.51 (   0.06)     11.83 (   0.07)      8.37 (   0.09)   4.18e-07   3.45e-07   3.94e-07   ok
  630     10.32 (   0.08)     13.72 (   0.06)     11.83 (   0.07)      8.19 (   0.10)   3.88e-07   4.12e-07   3.88e-07   ok
  640     10.92 (   0.08)     14.40 (   0.06)     12.42 (   0.07)     11.40 (   0.07)   3.58e-07   4.05e-07   3.58e-07   ok
  650     10.32 (   0.08)     14.37 (   0.06)     12.24 (   0.07)     11.91 (   0.07)   4.46e-07   4.46e-07   4.46e-07   ok
  660     10.64 (   0.08)     14.58 (   0.06)     12.84 (   0.07)     12.28 (   0.07)   3.70e-07   3.70e-07   3.70e-07   ok
  670     10.96 (   0.08)     15.21 (   0.06)     12.83 (   0.07)     11.97 (   0.08)   3.64e-07   3.87e-07   3.64e-07   ok
  680     11.33 (   0.08)     15.42 (   0.06)     13.21 (   0.07)     12.03 (   0.08)   3.59e-07   3.59e-07   3.59e-07   ok
  690     11.49 (   0.08)     16.13 (   0.06)     13.60 (   0.07)     11.76 (   0.08)   3.98e-07   3.10e-07   3.54e-07   ok
  700     11.53 (   0.09)     16.08 (   0.06)     13.63 (   0.07)     11.83 (   0.08)   3.71e-07   3.92e-07   3.71e-07   ok
  710     11.32 (   0.09)     16.54 (   0.06)     13.66 (   0.07)     11.23 (   0.09)   4.30e-07   4.73e-07   5.16e-07   ok
  720     12.06 (   0.09)     17.08 (   0.06)     14.23 (   0.07)     11.17 (   0.09)   3.81e-07   4.24e-07   3.81e-07   ok
  730     12.00 (   0.09)     17.83 (   0.06)     14.39 (   0.07)     11.00 (   0.10)   4.18e-07   4.18e-07   4.60e-07   ok
  740     11.79 (   0.09)     17.97 (   0.06)     14.24 (   0.08)     10.75 (   0.10)   4.54e-07   4.12e-07   4.54e-07   ok
  750     12.12 (   0.09)     18.75 (   0.06)     14.81 (   0.08)     10.94 (   0.10)   4.48e-07   4.48e-07   4.48e-07   ok
  760     12.04 (   0.10)     18.38 (   0.06)     15.02 (   0.08)     10.32 (   0.11)   4.42e-07   4.42e-07   4.42e-07   ok
  770     12.36 (   0.10)     19.15 (   0.06)     15.42 (   0.08)     13.21 (   0.09)   4.76e-07   4.36e-07   4.36e-07   ok
  780     12.31 (   0.10)     19.65 (   0.06)     15.63 (   0.08)     12.97 (   0.09)   5.48e-07   5.09e-07   5.09e-07   ok
  790     12.75 (   0.10)     20.48 (   0.06)     16.23 (   0.08)     14.36 (   0.09)   4.64e-07   4.64e-07   3.86e-07   ok
  800     12.83 (   0.10)     20.36 (   0.06)     16.44 (   0.08)     13.75 (   0.09)   4.96e-07   5.72e-07   5.34e-07   ok
  810     13.41 (   0.10)     20.79 (   0.06)     16.60 (   0.08)     13.81 (   0.10)   5.27e-07   6.40e-07   5.65e-07   ok
  820     13.32 (   0.10)     20.69 (   0.07)     16.66 (   0.08)     14.01 (   0.10)   5.58e-07   5.21e-07   5.21e-07   ok
  830     13.68 (   0.10)     21.51 (   0.06)     17.02 (   0.08)     13.27 (   0.10)   5.88e-07   5.52e-07   5.52e-07   ok
  840     13.44 (   0.11)     22.11 (   0.06)     17.03 (   0.08)     13.59 (   0.10)   7.27e-07   6.90e-07   6.90e-07   ok
  850     13.39 (   0.11)     22.23 (   0.07)     17.24 (   0.08)     12.83 (   0.11)   5.03e-07   4.67e-07   5.39e-07   ok
  860     13.86 (   0.11)     22.42 (   0.07)     17.65 (   0.08)     12.75 (   0.12)   5.68e-07   5.68e-07   5.68e-07   ok
  870     14.19 (   0.11)     23.37 (   0.06)     17.61 (   0.09)     12.87 (   0.12)   5.96e-07   5.61e-07   5.61e-07   ok
  880     14.23 (   0.11)     23.48 (   0.07)     18.02 (   0.09)     12.29 (   0.13)   4.86e-07   4.86e-07   4.86e-07   ok
  890     14.56 (   0.11)     24.01 (   0.07)     18.48 (   0.09)     12.18 (   0.13)   5.83e-07   5.83e-07   5.49e-07   ok
  900     14.35 (   0.11)     24.21 (   0.07)     18.43 (   0.09)     15.15 (   0.11)   5.09e-07   5.09e-07   5.09e-07   ok
 1000     16.40 (   0.12)     27.80 (   0.07)     20.23 (   0.10)     14.11 (   0.14)   5.80e-07   5.80e-07   5.49e-07   ok
 1100     17.67 (   0.14)     29.19 (   0.08)     21.80 (   0.11)     15.92 (   0.15)   5.83e-07   5.83e-07   5.83e-07   ok
 1200     20.15 (   0.14)     34.74 (   0.08)     24.42 (   0.12)     17.47 (   0.16)   5.59e-07   5.59e-07   5.85e-07   ok
 1300     21.96 (   0.15)     39.85 (   0.08)     26.67 (   0.13)     17.07 (   0.20)   5.63e-07   5.87e-07   6.34e-07   ok
 1400     24.09 (   0.16)     42.74 (   0.09)     29.28 (   0.13)     16.42 (   0.24)   6.54e-07   6.98e-07   6.10e-07   ok
 1500     25.87 (   0.17)     47.34 (   0.10)     30.46 (   0.15)     17.67 (   0.25)   7.32e-07   6.10e-07   6.51e-07   ok
 1600     27.83 (   0.18)     49.74 (   0.10)     32.41 (   0.16)     18.83 (   0.27)   8.77e-07   8.01e-07   8.39e-07   ok
 1700     29.51 (   0.20)     57.76 (   0.10)     34.65 (   0.17)     19.09 (   0.30)   7.90e-07   7.90e-07   7.54e-07   ok
 1800     31.29 (   0.21)     60.03 (   0.11)     36.45 (   0.18)     19.65 (   0.33)   9.16e-07   8.82e-07   8.82e-07   ok
 1900     32.97 (   0.22)     60.24 (   0.12)     38.65 (   0.19)     18.61 (   0.39)   8.35e-07   7.71e-07   8.03e-07   ok
 2000     34.05 (   0.24)     61.15 (   0.13)     38.63 (   0.21)     21.01 (   0.38)   8.85e-07   9.16e-07   8.54e-07   ok
 2100     36.29 (   0.24)     60.48 (   0.15)     24.79 (   0.36)     19.96 (   0.44)   1.02e-06   1.08e-06   1.02e-06   ok
 2200     37.68 (   0.26)     64.99 (   0.15)     26.10 (   0.37)     19.68 (   0.49)   8.60e-07   8.60e-07   8.32e-07   ok
 2300     40.10 (   0.26)     63.79 (   0.17)     26.33 (   0.40)     20.39 (   0.52)   8.49e-07   9.02e-07   9.02e-07   ok
 2400     41.14 (   0.28)     70.36 (   0.16)     27.51 (   0.42)     21.58 (   0.53)   8.65e-07   8.39e-07   8.65e-07   ok
 2500     42.54 (   0.29)     71.46 (   0.17)     28.68 (   0.44)     21.56 (   0.58)   8.30e-07   8.79e-07   8.54e-07   ok
 2600     44.35 (   0.30)     74.35 (   0.18)     29.53 (   0.46)     22.85 (   0.59)   7.98e-07   7.51e-07   7.75e-07   ok
 2700     45.42 (   0.32)     76.37 (   0.19)     30.57 (   0.48)     22.90 (   0.64)   9.27e-07   8.59e-07   8.36e-07   ok
 2800     47.99 (   0.33)     78.41 (   0.20)     31.55 (   0.50)     22.83 (   0.69)   9.81e-07   9.81e-07   9.81e-07   ok
 2900     48.77 (   0.34)     81.68 (   0.21)     32.60 (   0.52)     23.93 (   0.70)   1.05e-06   1.09e-06   1.14e-06   ok
 3000     50.72 (   0.36)     82.99 (   0.22)     34.03 (   0.53)     24.17 (   0.75)   1.10e-06   9.77e-07   9.36e-07   ok
 3100     53.12 (   0.36)     84.35 (   0.23)     34.70 (   0.55)     24.80 (   0.78)   1.10e-06   1.14e-06   1.14e-06   ok
 3200     54.31 (   0.38)     85.33 (   0.24)     36.07 (   0.57)     24.36 (   0.84)   1.07e-06   1.14e-06   1.07e-06   ok
 3300     56.30 (   0.39)     91.56 (   0.24)     37.06 (   0.59)     24.68 (   0.88)   1.18e-06   1.26e-06   1.18e-06   ok
 3400     57.40 (   0.40)     91.77 (   0.25)     37.91 (   0.61)     23.82 (   0.97)   1.11e-06   1.18e-06   1.11e-06   ok
 3500     59.94 (   0.41)     93.87 (   0.26)     38.91 (   0.63)     23.74 (   1.03)   1.15e-06   1.08e-06   1.12e-06   ok
 3600     60.72 (   0.43)     97.88 (   0.26)     40.01 (   0.65)     25.44 (   1.02)   1.19e-06   1.19e-06   1.29e-06   ok
 3700     61.96 (   0.44)     97.18 (   0.28)     41.07 (   0.67)     24.52 (   1.12)   1.19e-06   1.19e-06   1.12e-06   ok
 3800     63.60 (   0.45)    100.63 (   0.29)     42.23 (   0.68)     24.80 (   1.16)   1.41e-06   1.41e-06   1.35e-06   ok
 3900     65.58 (   0.46)     98.47 (   0.31)     43.35 (   0.70)     24.34 (   1.25)   1.22e-06   1.19e-06   1.28e-06   ok
 4000     66.40 (   0.48)    100.94 (   0.32)     44.40 (   0.72)     21.00 (   1.52)   1.53e-06   1.28e-06   1.34e-06   ok
 4100     66.34 (   0.51)     92.13 (   0.37)     34.18 (   0.98)     24.13 (   1.39)   1.40e-06   1.37e-06   1.31e-06   ok
 4200     69.46 (   0.51)    101.45 (   0.35)     33.32 (   1.06)     22.22 (   1.59)   1.31e-06   1.34e-06   1.34e-06   ok
 4300     69.95 (   0.53)    102.20 (   0.36)     33.84 (   1.09)     23.09 (   1.60)   1.42e-06   1.50e-06   1.48e-06   ok
 4400     72.81 (   0.53)    104.40 (   0.37)     34.90 (   1.11)     23.53 (   1.65)   1.28e-06   1.28e-06   1.28e-06   ok
 4500     73.14 (   0.55)    105.21 (   0.39)     35.60 (   1.14)     23.46 (   1.73)   1.36e-06   1.36e-06   1.41e-06   ok
 4600     74.01 (   0.57)    102.98 (   0.41)     36.21 (   1.17)     23.79 (   1.78)   1.17e-06   1.25e-06   1.25e-06   ok
 4700     76.05 (   0.58)    107.01 (   0.41)     36.89 (   1.20)     23.95 (   1.84)   1.45e-06   1.43e-06   1.45e-06   ok
 4800     76.56 (   0.60)    105.00 (   0.44)     37.57 (   1.23)     24.53 (   1.88)   1.55e-06   1.60e-06   1.55e-06   ok
 4900     77.84 (   0.62)    107.90 (   0.45)     38.39 (   1.25)     24.69 (   1.95)   1.42e-06   1.49e-06   1.42e-06   ok
 5000     79.00 (   0.63)    108.29 (   0.46)     39.38 (   1.27)     23.94 (   2.09)   1.37e-06   1.42e-06   1.46e-06   ok
 5100     79.82 (   0.65)    111.40 (   0.47)     40.02 (   1.30)     24.84 (   2.09)   1.39e-06   1.39e-06   1.39e-06   ok
 5200     81.84 (   0.66)    112.20 (   0.48)     40.85 (   1.32)     24.73 (   2.19)   1.39e-06   1.39e-06   1.39e-06   ok
 5300     82.75 (   0.68)    113.31 (   0.50)     41.65 (   1.35)     24.94 (   2.25)   1.57e-06   1.36e-06   1.40e-06   ok
 5400     83.93 (   0.69)    114.38 (   0.51)     41.99 (   1.39)     26.03 (   2.24)   1.51e-06   1.51e-06   1.60e-06   ok
 5500     84.74 (   0.71)    108.28 (   0.56)     43.13 (   1.40)     24.22 (   2.50)   1.27e-06   1.31e-06   1.31e-06   ok
 5600     86.41 (   0.73)    116.16 (   0.54)     43.53 (   1.44)     24.78 (   2.53)   1.48e-06   1.48e-06   1.44e-06   ok
 5700     87.48 (   0.74)    118.42 (   0.55)     43.97 (   1.48)     25.09 (   2.59)   1.54e-06   1.41e-06   1.50e-06   ok
 5800     88.31 (   0.76)    118.04 (   0.57)     44.56 (   1.51)     24.76 (   2.72)   1.56e-06   1.56e-06   1.47e-06   ok
 5900     89.73 (   0.78)    116.26 (   0.60)     45.42 (   1.53)     25.06 (   2.78)   1.45e-06   1.49e-06   1.53e-06   ok
 6000     91.25 (   0.79)    115.37 (   0.62)     46.10 (   1.56)     25.12 (   2.87)   1.79e-06   1.83e-06   1.79e-06   failed
 6100     91.44 (   0.81)    117.23 (   0.63)     46.52 (   1.60)     25.42 (   2.93)   1.60e-06   1.56e-06   1.60e-06   ok
 6200     93.32 (   0.82)    118.48 (   0.65)     36.76 (   2.09)     25.32 (   3.04)   1.73e-06   1.69e-06   1.65e-06   ok
 6300     94.07 (   0.84)    119.05 (   0.67)     38.21 (   2.08)     25.63 (   3.10)   1.78e-06   1.59e-06   1.67e-06   ok
 6400     95.97 (   0.85)    118.58 (   0.69)     38.67 (   2.12)     25.90 (   3.16)   1.87e-06   1.95e-06   1.87e-06   failed
 6500     94.32 (   0.90)    120.36 (   0.70)     39.05 (   2.16)     25.85 (   3.27)   1.73e-06   1.92e-06   1.84e-06   failed
 6600     97.25 (   0.90)    120.38 (   0.72)     39.77 (   2.19)     26.26 (   3.32)   1.89e-06   1.89e-06   1.89e-06   failed
 6700     98.80 (   0.91)    122.32 (   0.73)     40.10 (   2.24)     25.99 (   3.45)   1.71e-06   1.60e-06   1.64e-06   ok
 6800     98.49 (   0.94)    121.58 (   0.76)     39.37 (   2.35)     26.90 (   3.44)   1.72e-06   1.72e-06   1.76e-06   ok
 6900    101.43 (   0.94)    122.26 (   0.78)     40.98 (   2.32)     26.12 (   3.65)   1.56e-06   1.63e-06   1.63e-06   ok
 7000    100.54 (   0.97)    123.01 (   0.80)     42.17 (   2.32)     26.21 (   3.74)   1.74e-06   1.74e-06   1.67e-06   ok
 7100    103.94 (   0.97)    122.55 (   0.82)     42.63 (   2.37)     25.74 (   3.92)   1.82e-06   1.79e-06   1.65e-06   failed
 7200    103.70 (   1.00)    125.66 (   0.83)     42.65 (   2.43)     25.51 (   4.06)   1.86e-06   1.86e-06   1.83e-06   failed
 7300    105.65 (   1.01)    124.82 (   0.85)     43.17 (   2.47)     26.50 (   4.02)   1.74e-06   1.81e-06   1.91e-06   failed
 7400    104.11 (   1.05)    126.18 (   0.87)     44.10 (   2.48)     26.01 (   4.21)   1.78e-06   1.81e-06   1.85e-06   failed
 7500    107.47 (   1.05)    126.42 (   0.89)     43.80 (   2.57)     26.59 (   4.23)   1.86e-06   1.92e-06   1.82e-06   failed
 7600    108.39 (   1.07)    127.79 (   0.90)     45.15 (   2.56)     26.66 (   4.33)   1.61e-06   1.57e-06   1.61e-06   ok
 7700    107.23 (   1.11)    127.68 (   0.93)     45.18 (   2.62)     26.72 (   4.44)   2.03e-06   1.97e-06   2.03e-06   failed
 7800    109.23 (   1.11)    125.07 (   0.97)     45.84 (   2.66)     26.85 (   4.53)   1.82e-06   1.82e-06   1.88e-06   failed
 7900    106.97 (   1.17)    127.64 (   0.98)     46.55 (   2.68)     26.89 (   4.64)   1.82e-06   1.92e-06   1.82e-06   failed
 8000    107.41 (   1.19)    124.06 (   1.03)     47.13 (   2.72)     26.94 (   4.75)   1.95e-06   1.92e-06   1.95e-06   failed
 8100    107.32 (   1.22)    129.15 (   1.02)     47.45 (   2.77)     26.56 (   4.94)   1.87e-06   1.90e-06   1.96e-06   failed
 8200    107.08 (   1.26)    129.21 (   1.04)     41.00 (   3.28)     26.50 (   5.07)   1.79e-06   1.79e-06   1.73e-06   ok
 8300    106.65 (   1.29)    127.81 (   1.08)     40.33 (   3.42)     25.98 (   5.30)   2.35e-06   2.32e-06   2.26e-06   failed
 8400    104.77 (   1.35)    128.08 (   1.10)     40.74 (   3.46)     26.65 (   5.30)   1.83e-06   1.80e-06   1.80e-06   failed
 8500    106.42 (   1.36)    128.56 (   1.12)     41.24 (   3.50)     26.93 (   5.37)   2.01e-06   2.13e-06   2.07e-06   failed
 8600    104.55 (   1.42)    130.22 (   1.14)     41.71 (   3.55)     27.36 (   5.41)   1.73e-06   1.70e-06   1.73e-06   ok
 8700    104.70 (   1.45)    129.83 (   1.17)     42.03 (   3.60)     27.42 (   5.52)   1.96e-06   1.99e-06   1.91e-06   failed
 8800    103.13 (   1.50)    129.94 (   1.19)     41.57 (   3.73)     27.05 (   5.73)   1.97e-06   1.91e-06   1.97e-06   failed
 8900    103.49 (   1.53)    129.56 (   1.22)     42.71 (   3.71)     27.50 (   5.76)   1.92e-06   1.89e-06   1.89e-06   failed
 9000    104.74 (   1.55)    129.71 (   1.25)     42.53 (   3.81)     27.66 (   5.86)   2.12e-06   1.95e-06   1.98e-06   failed
10000    103.25 (   1.94)    131.85 (   1.52)     47.52 (   4.21)     27.63 (   7.24)   2.32e-06   2.34e-06   2.37e-06   failed
12000    104.28 (   2.76)    138.14 (   2.08)     46.86 (   6.15)     28.20 (  10.21)   2.20e-06   2.36e-06   2.24e-06   failed
14000    110.00 (   3.56)    140.47 (   2.79)     47.26 (   8.30)     28.60 (  13.71)   2.69e-06   2.86e-06   2.93e-06   failed
16000    111.32 (   4.60)    140.06 (   3.66)     46.57 (  10.99)     28.70 (  17.84)   2.72e-06   2.69e-06   2.66e-06   failed
18000    108.82 (   5.95)    144.85 (   4.47)     47.66 (  13.60)     29.10 (  22.27)   2.63e-06   2.77e-06   2.63e-06   failed
20000    110.59 (   7.23)    146.55 (   5.46)     48.07 (  16.64)     29.69 (  26.94)   2.93e-06   2.95e-06   3.03e-06   failed
Sun Feb  7 19:02:50 EST 2016
