
Sun Feb  7 19:10:45 EST 2016
numactl --interleave=all ../testing/testing_zhemv -L -N 123 -N 1234 --range 10:90:1 --range 100:900:10 --range 1000:9000:100 --range 10000:20000:2000
% MAGMA 2.0.0 beta7 compiled for CUDA capability >= 3.5, 64-bit magma_int_t, 64-bit pointer.
% CUDA runtime 7000, driver 7050. OpenMP threads 16. MKL 11.2.2, MKL threads 16. 
% device 0: Tesla K40c, 745.0 MHz clock, 11519.6 MB memory, capability 3.5
% device 1: Tesla K40c, 745.0 MHz clock, 11519.6 MB memory, capability 3.5
% Sun Feb  7 19:10:46 2016
% Usage: ../testing/testing_zhemv [options] [-h|--help]

% uplo = Lower
%   N   MAGMA Gflop/s (ms)    Atomics Gflop/s      CUBLAS Gflop/s       CPU Gflop/s   MAGMA error  Atomics    CUBLAS
%=====================================================================================================================
  123      2.01 (   0.06)      1.98 (   0.06)      1.78 (   0.07)      1.86 (   0.07)   1.18e-15   7.03e-16   9.31e-16   ok
 1234     41.93 (   0.29)     50.60 (   0.24)     30.73 (   0.40)      9.05 (   1.35)   3.00e-15   3.32e-15   3.32e-15   ok
   10      0.02 (   0.04)      0.03 (   0.03)      0.04 (   0.03)      0.30 (   0.00)   7.12e-16   3.55e-16   7.12e-16   ok
   11      0.03 (   0.04)      0.04 (   0.03)      0.05 (   0.02)      0.51 (   0.00)   2.28e-16   2.28e-16   2.42e-16   ok
   12      0.04 (   0.03)      0.04 (   0.03)      0.06 (   0.02)      0.60 (   0.00)   3.99e-16   4.50e-16   3.05e-16   ok
   13      0.04 (   0.04)      0.05 (   0.03)      0.07 (   0.02)      0.53 (   0.00)   3.06e-16   5.47e-16   2.82e-16   ok
   14      0.05 (   0.04)      0.06 (   0.03)      0.08 (   0.02)      0.81 (   0.00)   2.84e-16   3.59e-16   2.84e-16   ok
   15      0.06 (   0.03)      0.06 (   0.03)      0.09 (   0.02)      0.64 (   0.00)   2.65e-16   2.96e-16   2.96e-16   ok
   16      0.07 (   0.03)      0.07 (   0.03)      0.10 (   0.02)      0.72 (   0.00)   2.48e-16   4.46e-16   2.48e-16   ok
   17      0.07 (   0.03)      0.08 (   0.03)      0.11 (   0.02)      1.32 (   0.00)   4.67e-16   7.01e-16   4.31e-16   ok
   18      0.08 (   0.03)      0.09 (   0.03)      0.12 (   0.02)      1.31 (   0.00)   2.21e-16   4.07e-16   4.07e-16   ok
   19      0.09 (   0.03)      0.10 (   0.03)      0.13 (   0.02)      1.09 (   0.00)   3.74e-16   4.18e-16   3.74e-16   ok
   20      0.10 (   0.04)      0.11 (   0.03)      0.15 (   0.02)      1.11 (   0.00)   4.19e-16   4.19e-16   3.97e-16   ok
   21      0.10 (   0.04)      0.12 (   0.03)      0.16 (   0.02)      1.32 (   0.00)   3.49e-16   4.79e-16   4.23e-16   ok
   22      0.11 (   0.04)      0.13 (   0.03)      0.18 (   0.02)      1.33 (   0.00)   5.11e-16   4.84e-16   5.82e-16   ok
   23      0.13 (   0.03)      0.14 (   0.03)      0.19 (   0.02)      1.45 (   0.00)   2.18e-16   3.45e-16   3.45e-16   ok
   24      0.14 (   0.03)      0.15 (   0.03)      0.22 (   0.02)      1.58 (   0.00)   7.55e-16   3.05e-16   3.31e-16   ok
   25      0.16 (   0.03)      0.17 (   0.03)      0.22 (   0.02)      1.71 (   0.00)   3.18e-16   3.55e-16   3.04e-16   ok
   26      0.17 (   0.03)      0.18 (   0.03)      0.24 (   0.02)      1.41 (   0.00)   4.32e-16   3.86e-16   3.42e-16   ok
   27      0.18 (   0.04)      0.20 (   0.03)      0.27 (   0.02)      1.52 (   0.00)   5.62e-16   3.29e-16   3.96e-16   ok
   28      0.20 (   0.03)      0.21 (   0.03)      0.27 (   0.02)      2.31 (   0.00)   3.86e-16   4.57e-16   4.57e-16   ok
   29      0.20 (   0.04)      0.23 (   0.03)      0.29 (   0.02)      1.75 (   0.00)   3.87e-16   4.90e-16   3.87e-16   ok
   30      0.23 (   0.03)      0.24 (   0.03)      0.32 (   0.02)      1.87 (   0.00)   5.30e-16   4.27e-16   4.74e-16   ok
   31      0.22 (   0.04)      0.25 (   0.03)      0.32 (   0.03)      1.99 (   0.00)   5.13e-16   4.73e-16   2.72e-16   ok
   32      0.24 (   0.04)      0.29 (   0.03)      0.34 (   0.03)      2.12 (   0.00)   2.48e-16   4.58e-16   4.00e-16   ok
   33      0.25 (   0.04)      0.21 (   0.04)      0.35 (   0.03)      1.82 (   0.01)   4.44e-16   4.44e-16   4.44e-16   ok
   34      0.25 (   0.04)      0.24 (   0.04)      0.39 (   0.03)      1.93 (   0.01)   8.93e-16   4.67e-16   8.62e-16   ok
   35      0.29 (   0.03)      0.25 (   0.04)      0.41 (   0.02)      2.04 (   0.01)   4.09e-16   4.54e-16   6.11e-16   ok
   36      0.30 (   0.04)      0.26 (   0.04)      0.42 (   0.03)      2.16 (   0.01)   4.41e-16   4.93e-16   5.94e-16   ok
   37      0.31 (   0.04)      0.28 (   0.04)      0.42 (   0.03)      2.28 (   0.01)   6.07e-16   4.29e-16   3.96e-16   ok
   38      0.34 (   0.04)      0.29 (   0.04)      0.46 (   0.03)      2.40 (   0.01)   3.85e-16   5.91e-16   4.18e-16   ok
   39      0.33 (   0.04)      0.31 (   0.04)      0.49 (   0.03)      2.12 (   0.01)   5.76e-16   3.67e-16   3.76e-16   ok
   40      0.38 (   0.04)      0.32 (   0.04)      0.53 (   0.03)      2.23 (   0.01)   5.02e-16   4.78e-16   4.78e-16   ok
   41      0.37 (   0.04)      0.34 (   0.04)      0.56 (   0.02)      2.78 (   0.01)   5.48e-16   5.27e-16   5.48e-16   ok
   42      0.37 (   0.04)      0.36 (   0.04)      0.58 (   0.03)      2.45 (   0.01)   5.67e-16   6.10e-16   5.67e-16   ok
   43      0.40 (   0.04)      0.38 (   0.04)      0.59 (   0.03)      3.06 (   0.01)   4.13e-16   5.54e-16   4.67e-16   ok
   44      0.44 (   0.04)      0.39 (   0.04)      0.62 (   0.03)      2.69 (   0.01)   6.66e-16   4.84e-16   5.11e-16   ok
   45      0.48 (   0.03)      0.41 (   0.04)      0.64 (   0.03)      2.81 (   0.01)   4.47e-16   4.99e-16   6.75e-16   ok
   46      0.47 (   0.04)      0.41 (   0.04)      0.67 (   0.03)      3.49 (   0.01)   6.19e-16   6.18e-16   4.65e-16   ok
   47      0.48 (   0.04)      0.43 (   0.04)      0.70 (   0.03)      1.82 (   0.01)   6.76e-16   7.56e-16   5.07e-16   ok
   48      0.53 (   0.04)      0.44 (   0.04)      0.73 (   0.03)      3.19 (   0.01)   4.68e-16   5.92e-16   4.68e-16   ok
   49      0.55 (   0.04)      0.47 (   0.04)      0.73 (   0.03)      2.44 (   0.01)   4.59e-16   4.37e-16   3.63e-16   ok
   50      0.54 (   0.04)      0.48 (   0.04)      0.73 (   0.03)      4.11 (   0.01)   4.02e-16   4.32e-16   4.49e-16   ok
   51      0.59 (   0.04)      0.50 (   0.04)      0.80 (   0.03)      2.99 (   0.01)   6.23e-16   6.86e-16   6.86e-16   ok
   52      0.60 (   0.04)      0.53 (   0.04)      0.83 (   0.03)      3.22 (   0.01)   5.84e-16   4.44e-16   4.37e-16   ok
   53      0.61 (   0.04)      0.54 (   0.04)      0.86 (   0.03)      3.34 (   0.01)   5.40e-16   5.73e-16   4.50e-16   ok
   54      0.63 (   0.04)      0.56 (   0.04)      0.86 (   0.03)      3.35 (   0.01)   6.71e-16   5.43e-16   5.30e-16   ok
   55      0.65 (   0.04)      0.58 (   0.04)      0.89 (   0.03)      3.48 (   0.01)   4.66e-16   4.66e-16   4.66e-16   ok
   56      0.70 (   0.04)      0.59 (   0.04)      0.92 (   0.03)      3.73 (   0.01)   5.11e-16   4.01e-16   3.92e-16   ok
   57      0.74 (   0.04)      0.62 (   0.04)      0.92 (   0.03)      2.94 (   0.01)   3.94e-16   3.94e-16   3.79e-16   ok
   58      0.77 (   0.04)      0.66 (   0.04)      1.02 (   0.03)      4.63 (   0.01)   3.68e-16   4.42e-16   3.87e-16   ok
   59      0.77 (   0.04)      0.68 (   0.04)      1.06 (   0.03)      3.63 (   0.01)   4.34e-16   4.85e-16   5.55e-16   ok
   60      0.82 (   0.04)      0.66 (   0.05)      1.14 (   0.03)      3.64 (   0.01)   4.27e-16   4.27e-16   5.30e-16   ok
   61      0.85 (   0.04)      0.71 (   0.04)      1.12 (   0.03)      3.76 (   0.01)   4.80e-16   4.70e-16   5.21e-16   ok
   62      0.87 (   0.04)      0.73 (   0.04)      1.13 (   0.03)      3.48 (   0.01)   5.73e-16   5.84e-16   5.13e-16   ok
   63      0.93 (   0.03)      0.75 (   0.04)      1.17 (   0.03)      4.13 (   0.01)   6.77e-16   5.04e-16   5.04e-16   ok
   64      1.08 (   0.03)      0.80 (   0.04)      1.29 (   0.03)      4.14 (   0.01)   5.55e-16   6.68e-16   4.74e-16   ok
   65      0.82 (   0.04)      0.77 (   0.05)      1.23 (   0.03)      3.82 (   0.01)   4.51e-16   4.67e-16   4.51e-16   ok
   66      0.76 (   0.05)      0.77 (   0.05)      1.19 (   0.03)      4.04 (   0.01)   6.46e-16   5.80e-16   6.81e-16   ok
   67      0.85 (   0.04)      0.81 (   0.05)      1.18 (   0.03)      4.53 (   0.01)   4.74e-16   5.30e-16   4.74e-16   ok
   68      0.84 (   0.04)      0.82 (   0.05)      1.27 (   0.03)      4.17 (   0.01)   6.27e-16   4.31e-16   4.67e-16   ok
   69      0.91 (   0.04)      0.85 (   0.05)      1.30 (   0.03)      4.41 (   0.01)   6.26e-16   6.37e-16   6.51e-16   ok
   70      0.93 (   0.04)      0.87 (   0.05)      1.33 (   0.03)      4.94 (   0.01)   6.60e-16   6.42e-16   6.42e-16   ok
   71      0.91 (   0.05)      0.89 (   0.05)      1.37 (   0.03)      4.11 (   0.01)   1.00e-15   8.07e-16   7.22e-16   ok
   72      0.94 (   0.05)      0.94 (   0.05)      1.41 (   0.03)      4.67 (   0.01)   8.14e-16   7.89e-16   6.24e-16   ok
   73      0.97 (   0.05)      0.95 (   0.05)      1.40 (   0.03)      5.53 (   0.01)   7.02e-16   5.92e-16   7.02e-16   ok
   74      0.97 (   0.05)      0.97 (   0.05)      1.44 (   0.03)      4.46 (   0.01)   7.74e-16   7.74e-16   6.15e-16   ok
   75      1.02 (   0.05)      1.02 (   0.05)      1.48 (   0.03)      4.19 (   0.01)   1.07e-15   8.04e-16   8.04e-16   ok
   76      1.05 (   0.05)      1.00 (   0.05)      1.52 (   0.03)      4.71 (   0.01)   6.27e-16   7.71e-16   7.71e-16   ok
   77      1.10 (   0.04)      1.05 (   0.05)      1.68 (   0.03)      5.34 (   0.01)   6.65e-16   7.44e-16   5.61e-16   ok
   78      1.16 (   0.04)      1.08 (   0.05)      1.71 (   0.03)      4.43 (   0.01)   6.57e-16   5.54e-16   5.15e-16   ok
   79      1.19 (   0.04)      1.11 (   0.05)      1.71 (   0.03)      5.20 (   0.01)   7.42e-16   9.17e-16   7.68e-16   ok
   80      1.21 (   0.04)      1.13 (   0.05)      1.79 (   0.03)      3.47 (   0.02)   6.40e-16   5.62e-16   5.62e-16   ok
   81      1.19 (   0.05)      1.12 (   0.05)      1.67 (   0.03)      4.87 (   0.01)   7.49e-16   7.23e-16   7.23e-16   ok
   82      1.22 (   0.05)      1.14 (   0.05)      1.66 (   0.03)      5.47 (   0.01)   5.48e-16   6.99e-16   5.48e-16   ok
   83      1.22 (   0.05)      1.17 (   0.05)      1.69 (   0.03)      5.60 (   0.01)   7.26e-16   7.66e-16   7.26e-16   ok
   84      1.28 (   0.04)      1.17 (   0.05)      1.80 (   0.03)      5.24 (   0.01)   6.16e-16   7.18e-16   5.35e-16   ok
   85      1.33 (   0.04)      1.22 (   0.05)      1.79 (   0.03)      4.84 (   0.01)   6.89e-16   8.52e-16   6.89e-16   ok
   86      1.31 (   0.05)      1.26 (   0.05)      1.87 (   0.03)      5.05 (   0.01)   5.23e-16   5.23e-16   5.96e-16   ok
   87      1.31 (   0.05)      1.28 (   0.05)      1.87 (   0.03)      5.17 (   0.01)   6.53e-16   6.85e-16   5.48e-16   ok
   88      1.43 (   0.04)      1.26 (   0.05)      1.97 (   0.03)      5.29 (   0.01)   5.11e-16   6.66e-16   5.82e-16   ok
   89      1.37 (   0.05)      1.34 (   0.05)      1.96 (   0.03)      6.43 (   0.01)   7.14e-16   5.05e-16   5.05e-16   ok
   90      1.40 (   0.05)      1.37 (   0.05)      1.99 (   0.03)      5.53 (   0.01)   7.93e-16   8.14e-16   8.24e-16   ok
  100      1.73 (   0.05)      1.69 (   0.05)      2.38 (   0.03)      5.87 (   0.01)   6.55e-16   5.17e-16   6.03e-16   ok
  110      2.13 (   0.05)      1.89 (   0.05)      2.90 (   0.03)      6.14 (   0.02)   5.33e-16   5.78e-16   6.59e-16   ok
  120      2.48 (   0.05)      2.24 (   0.05)      3.33 (   0.04)      7.77 (   0.02)   7.32e-16   7.11e-16   5.59e-16   ok
  130      2.48 (   0.06)      2.54 (   0.05)      3.52 (   0.04)      6.83 (   0.02)   9.78e-16   8.54e-16   8.90e-16   ok
  140      2.88 (   0.06)      2.89 (   0.05)      4.08 (   0.04)      7.91 (   0.02)   6.42e-16   8.67e-16   8.37e-16   ok
  150      3.30 (   0.06)      3.13 (   0.06)      4.43 (   0.04)      7.94 (   0.02)   8.09e-16   9.52e-16   8.94e-16   ok
  160      3.45 (   0.06)      3.77 (   0.05)      5.16 (   0.04)      7.35 (   0.03)   8.88e-16   9.06e-16   9.57e-16   ok
  170      3.96 (   0.06)      3.90 (   0.06)      5.43 (   0.04)      8.58 (   0.03)   1.02e-15   1.17e-15   9.00e-16   ok
  180      4.37 (   0.06)      4.35 (   0.06)      5.80 (   0.05)      8.43 (   0.03)   9.68e-16   9.99e-16   1.03e-15   ok
  190      5.11 (   0.06)      4.70 (   0.06)      6.75 (   0.04)      8.54 (   0.03)   1.08e-15   1.09e-15   1.09e-15   ok
  200      5.20 (   0.06)      5.12 (   0.06)      6.86 (   0.05)      8.96 (   0.04)   1.14e-15   9.95e-16   9.10e-16   ok
  210      5.48 (   0.06)      5.46 (   0.07)      7.41 (   0.05)      9.14 (   0.04)   1.12e-15   1.21e-15   1.03e-15   ok
  220      5.82 (   0.07)      5.99 (   0.07)      7.94 (   0.05)      9.24 (   0.04)   1.05e-15   1.04e-15   9.32e-16   ok
  230      6.27 (   0.07)      6.45 (   0.07)      8.51 (   0.05)      9.45 (   0.05)   1.38e-15   1.17e-15   1.41e-15   ok
  240      6.92 (   0.07)      6.92 (   0.07)      9.44 (   0.05)      9.26 (   0.05)   1.19e-15   1.09e-15   1.21e-15   ok
  250      7.20 (   0.07)      7.27 (   0.07)      9.34 (   0.05)      9.46 (   0.05)   1.16e-15   1.27e-15   1.04e-15   ok
  260      7.27 (   0.07)      7.76 (   0.07)      9.92 (   0.05)      9.39 (   0.06)   1.35e-15   1.11e-15   1.11e-15   ok
  270      7.91 (   0.07)      8.25 (   0.07)     10.47 (   0.06)      9.80 (   0.06)   1.28e-15   1.26e-15   1.10e-15   ok
  280      8.64 (   0.07)      8.76 (   0.07)     11.50 (   0.05)      9.41 (   0.07)   1.06e-15   1.09e-15   1.28e-15   ok
  290      8.54 (   0.08)      8.78 (   0.08)     11.30 (   0.06)      9.95 (   0.07)   1.38e-15   1.96e-15   1.58e-15   ok
  300      9.17 (   0.08)      9.28 (   0.08)     11.86 (   0.06)     10.05 (   0.07)   1.36e-15   1.20e-15   1.41e-15   ok
  310      9.79 (   0.08)      9.79 (   0.08)     12.46 (   0.06)      9.76 (   0.08)   1.44e-15   1.48e-15   1.31e-15   ok
  320     11.10 (   0.07)     10.72 (   0.08)     13.08 (   0.06)     10.04 (   0.08)   2.05e-15   2.08e-15   2.08e-15   ok
  330     10.17 (   0.09)     10.55 (   0.08)     13.25 (   0.07)     10.08 (   0.09)   1.72e-15   1.57e-15   1.39e-15   ok
  340     10.91 (   0.09)     11.20 (   0.08)     13.86 (   0.07)     10.20 (   0.09)   1.35e-15   1.53e-15   1.38e-15   ok
  350     11.56 (   0.09)     11.56 (   0.09)     14.69 (   0.07)      9.64 (   0.10)   1.31e-15   1.34e-15   1.31e-15   ok
  360     11.83 (   0.09)     11.83 (   0.09)     14.85 (   0.07)     10.02 (   0.10)   1.41e-15   1.61e-15   1.47e-15   ok
  370     12.37 (   0.09)     12.78 (   0.09)     15.69 (   0.07)     10.27 (   0.11)   1.54e-15   1.24e-15   1.40e-15   ok
  380     12.60 (   0.09)     12.90 (   0.09)     15.90 (   0.07)     10.18 (   0.11)   1.67e-15   1.67e-15   1.67e-15   ok
  390     12.87 (   0.09)     13.41 (   0.09)     16.53 (   0.07)     10.09 (   0.12)   1.46e-15   1.89e-15   1.46e-15   ok
  400      9.96 (   0.13)     13.96 (   0.09)     17.38 (   0.07)     10.21 (   0.13)   1.48e-15   1.73e-15   1.56e-15   ok
  410     13.35 (   0.10)     14.19 (   0.10)     17.31 (   0.08)     10.15 (   0.13)   1.58e-15   1.55e-15   1.80e-15   ok
  420     13.62 (   0.10)     14.59 (   0.10)     18.39 (   0.08)     10.12 (   0.14)   1.33e-15   1.33e-15   1.28e-15   ok
  430     13.90 (   0.11)     15.15 (   0.10)     18.75 (   0.08)      9.96 (   0.15)   1.76e-15   1.72e-15   1.67e-15   ok
  440     14.65 (   0.11)     15.37 (   0.10)     19.40 (   0.08)      9.97 (   0.16)   1.43e-15   1.43e-15   1.42e-15   ok
  450     14.51 (   0.11)     15.78 (   0.10)     19.82 (   0.08)     10.28 (   0.16)   1.48e-15   1.69e-15   1.66e-15   ok
  460     15.03 (   0.11)     16.49 (   0.10)     20.24 (   0.08)     10.29 (   0.16)   1.98e-15   1.86e-15   1.87e-15   ok
  470     15.56 (   0.11)     16.90 (   0.10)     21.12 (   0.08)     10.43 (   0.17)   1.93e-15   1.53e-15   1.47e-15   ok
  480     15.79 (   0.12)     17.59 (   0.11)     21.48 (   0.09)     10.57 (   0.17)   1.88e-15   1.70e-15   1.62e-15   ok
  490     16.03 (   0.12)     17.49 (   0.11)     20.72 (   0.09)     10.26 (   0.19)   1.77e-15   1.72e-15   1.94e-15   ok
  500     16.73 (   0.12)     18.09 (   0.11)     21.80 (   0.09)     10.44 (   0.19)   2.06e-15   1.82e-15   1.59e-15   ok
  510     16.70 (   0.12)     18.62 (   0.11)     22.16 (   0.09)     10.03 (   0.21)   1.56e-15   1.62e-15   1.41e-15   ok
  520     17.20 (   0.13)     18.84 (   0.12)     22.81 (   0.10)      9.99 (   0.22)   1.99e-15   1.77e-15   1.82e-15   ok
  530     17.87 (   0.13)     19.61 (   0.11)     23.51 (   0.10)     10.39 (   0.22)   2.27e-15   2.27e-15   2.45e-15   ok
  540     18.14 (   0.13)     20.19 (   0.12)     23.87 (   0.10)     10.44 (   0.22)   1.84e-15   1.80e-15   1.76e-15   ok
  550     18.54 (   0.13)     20.56 (   0.12)     24.00 (   0.10)     10.28 (   0.24)   1.89e-15   1.91e-15   1.89e-15   ok
  560     18.77 (   0.13)     20.98 (   0.12)     25.18 (   0.10)     10.56 (   0.24)   1.65e-15   1.64e-15   1.63e-15   ok
  570     19.01 (   0.14)     21.35 (   0.12)     25.84 (   0.10)     10.30 (   0.25)   2.06e-15   2.11e-15   2.06e-15   ok
  580     19.28 (   0.14)     21.76 (   0.12)     24.98 (   0.11)     10.54 (   0.26)   2.48e-15   2.48e-15   2.26e-15   ok
  590     19.65 (   0.14)     22.35 (   0.12)     26.61 (   0.10)     10.62 (   0.26)   1.94e-15   2.34e-15   2.32e-15   ok
  600     20.35 (   0.14)     22.76 (   0.13)     26.97 (   0.11)     10.61 (   0.27)   1.95e-15   1.95e-15   2.16e-15   ok
  610     20.19 (   0.15)     23.14 (   0.13)     27.39 (   0.11)     10.54 (   0.28)   2.15e-15   1.59e-15   1.72e-15   ok
  620     21.13 (   0.15)     23.55 (   0.13)     28.29 (   0.11)     10.59 (   0.29)   2.22e-15   2.12e-15   2.21e-15   ok
  630     21.53 (   0.15)     24.10 (   0.13)     27.64 (   0.12)     10.61 (   0.30)   1.99e-15   1.99e-15   1.99e-15   ok
  640     22.51 (   0.15)     25.28 (   0.13)     29.31 (   0.11)     10.70 (   0.31)   1.80e-15   1.88e-15   1.99e-15   ok
  650     22.00 (   0.15)     25.06 (   0.14)     29.98 (   0.11)     10.49 (   0.32)   1.99e-15   1.93e-15   1.80e-15   ok
  660     22.26 (   0.16)     25.66 (   0.14)     30.08 (   0.12)     10.65 (   0.33)   2.21e-15   1.83e-15   1.83e-15   ok
  670     22.91 (   0.16)     26.48 (   0.14)     30.75 (   0.12)     10.62 (   0.34)   2.43e-15   2.21e-15   2.10e-15   ok
  680     23.31 (   0.16)     26.09 (   0.14)     31.41 (   0.12)     10.42 (   0.36)   2.01e-15   2.02e-15   1.84e-15   ok
  690     23.54 (   0.16)     27.09 (   0.14)     31.58 (   0.12)     10.52 (   0.36)   2.38e-15   2.38e-15   2.22e-15   ok
  700     23.67 (   0.17)     27.46 (   0.14)     32.50 (   0.12)     10.71 (   0.37)   2.36e-15   2.44e-15   2.28e-15   ok
  710     24.49 (   0.16)     26.95 (   0.15)     33.11 (   0.12)     10.55 (   0.38)   1.96e-15   2.41e-15   2.12e-15   ok
  720     24.45 (   0.17)     28.30 (   0.15)     33.26 (   0.12)     10.65 (   0.39)   2.08e-15   2.38e-15   2.44e-15   ok
  730     25.27 (   0.17)     28.85 (   0.15)     32.88 (   0.13)     10.68 (   0.40)   2.34e-15   2.32e-15   2.19e-15   ok
  740     24.95 (   0.18)     28.50 (   0.15)     33.00 (   0.13)      6.52 (   0.67)   2.35e-15   2.62e-15   2.48e-15   ok
  750     26.05 (   0.17)     29.46 (   0.15)     33.89 (   0.13)     10.61 (   0.43)   2.29e-15   2.06e-15   2.02e-15   ok
  760     26.64 (   0.17)     30.06 (   0.15)     34.25 (   0.14)     10.31 (   0.45)   2.72e-15   2.85e-15   2.69e-15   ok
  770     26.86 (   0.18)     30.25 (   0.16)     34.67 (   0.14)     10.59 (   0.45)   2.25e-15   2.58e-15   1.92e-15   ok
  780     26.53 (   0.18)     31.08 (   0.16)     35.08 (   0.14)     10.74 (   0.45)   2.17e-15   2.15e-15   2.10e-15   ok
  790     26.46 (   0.19)     30.90 (   0.16)     34.97 (   0.14)     10.69 (   0.47)   2.55e-15   2.65e-15   2.51e-15   ok
  800     27.58 (   0.19)     31.69 (   0.16)     35.33 (   0.15)      9.79 (   0.52)   2.42e-15   2.03e-15   2.11e-15   ok
  810     28.13 (   0.19)     32.68 (   0.16)     37.01 (   0.14)     10.62 (   0.49)   2.39e-15   2.26e-15   2.27e-15   ok
  820     28.68 (   0.19)     33.09 (   0.16)     37.42 (   0.14)     10.76 (   0.50)   2.92e-15   2.91e-15   2.77e-15   ok
  830     28.91 (   0.19)     33.66 (   0.16)     38.09 (   0.14)      6.63 (   0.83)   1.94e-15   2.20e-15   2.20e-15   ok
  840     29.14 (   0.19)     33.45 (   0.17)     37.71 (   0.15)      6.52 (   0.87)   2.50e-15   2.34e-15   2.40e-15   ok
  850     30.02 (   0.19)     34.84 (   0.17)     38.86 (   0.15)     10.64 (   0.54)   2.43e-15   2.21e-15   2.04e-15   ok
  860     30.58 (   0.19)     35.26 (   0.17)     38.97 (   0.15)      8.38 (   0.71)   2.66e-15   2.60e-15   2.60e-15   ok
  870     30.80 (   0.20)     29.90 (   0.20)     38.14 (   0.16)     10.57 (   0.57)   2.61e-15   2.62e-15   2.36e-15   ok
  880     30.88 (   0.20)     36.05 (   0.17)     39.02 (   0.16)     10.56 (   0.59)   2.15e-15   2.25e-15   2.10e-15   ok
  890     31.14 (   0.20)     35.64 (   0.18)     38.47 (   0.16)      6.48 (   0.98)   2.23e-15   2.30e-15   2.39e-15   ok
  900     31.36 (   0.21)     36.44 (   0.18)     39.86 (   0.16)     10.52 (   0.62)   2.49e-15   2.58e-15   2.54e-15   ok
 1000     34.54 (   0.23)     40.25 (   0.20)     43.53 (   0.18)      7.94 (   1.01)   2.91e-15   2.52e-15   2.56e-15   ok
 1100     37.58 (   0.26)     44.24 (   0.22)     27.85 (   0.35)      9.69 (   1.00)   3.65e-15   2.94e-15   2.90e-15   failed
 1200     40.89 (   0.28)     49.07 (   0.24)     30.37 (   0.38)      9.19 (   1.26)   3.29e-15   3.26e-15   3.42e-15   failed
 1300     43.94 (   0.31)     54.12 (   0.25)     31.86 (   0.42)      8.49 (   1.59)   2.97e-15   2.80e-15   2.83e-15   ok
 1400     48.88 (   0.32)     58.37 (   0.27)     31.59 (   0.50)      8.30 (   1.89)   3.26e-15   3.47e-15   3.08e-15   failed
 1500     52.37 (   0.34)     62.30 (   0.29)     36.69 (   0.49)      8.18 (   2.20)   2.93e-15   3.07e-15   3.05e-15   ok
 1600     55.54 (   0.37)     68.13 (   0.30)     38.75 (   0.53)      6.83 (   3.00)   3.13e-15   3.02e-15   3.13e-15   ok
 1700     59.04 (   0.39)     71.84 (   0.32)     42.31 (   0.55)      8.33 (   2.78)   3.36e-15   3.41e-15   3.21e-15   failed
 1800     61.61 (   0.42)     73.92 (   0.35)     42.52 (   0.61)      5.49 (   4.72)   4.38e-15   4.54e-15   4.69e-15   failed
 1900     65.81 (   0.44)     75.86 (   0.38)     43.67 (   0.66)      8.38 (   3.45)   3.59e-15   3.83e-15   4.08e-15   failed
 2000     64.05 (   0.50)     75.89 (   0.42)     45.49 (   0.70)      7.75 (   4.13)   3.65e-15   3.67e-15   3.89e-15   failed
 2100     65.00 (   0.54)     77.25 (   0.46)     34.75 (   1.02)      8.39 (   4.21)   6.07e-15   5.02e-15   6.11e-15   failed
 2200     66.22 (   0.59)     77.65 (   0.50)     36.94 (   1.05)      7.73 (   5.01)   3.96e-15   3.89e-15   3.69e-15   failed
 2300     66.90 (   0.63)     77.43 (   0.55)     37.81 (   1.12)      5.59 (   7.58)   4.81e-15   4.26e-15   4.36e-15   failed
 2400     68.92 (   0.67)     78.42 (   0.59)     39.96 (   1.15)      7.60 (   6.07)   4.94e-15   6.12e-15   5.35e-15   failed
 2500     70.75 (   0.71)     78.04 (   0.64)     41.18 (   1.21)      7.93 (   6.31)   4.82e-15   4.92e-15   5.28e-15   failed
 2600     71.48 (   0.76)     78.32 (   0.69)     40.66 (   1.33)      8.25 (   6.56)   4.04e-15   4.36e-15   4.12e-15   failed
 2700     72.95 (   0.80)     78.34 (   0.74)     44.07 (   1.32)      8.38 (   6.96)   5.41e-15   4.79e-15   5.22e-15   failed
 2800     75.35 (   0.83)     80.05 (   0.78)     39.39 (   1.59)      8.08 (   7.76)   5.05e-15   5.05e-15   5.24e-15   failed
 2900     74.46 (   0.90)     80.71 (   0.83)     46.52 (   1.45)      8.46 (   7.96)   5.33e-15   5.35e-15   6.32e-15   failed
 3000     77.47 (   0.93)     81.59 (   0.88)     47.36 (   1.52)      8.35 (   8.63)   4.80e-15   4.72e-15   4.70e-15   failed
 3100     78.48 (   0.98)     82.81 (   0.93)     39.22 (   1.96)      8.36 (   9.20)   5.19e-15   5.50e-15   5.79e-15   failed
 3200     79.65 (   1.03)     83.56 (   0.98)     40.98 (   2.00)      5.82 (  14.09)   5.40e-15   5.92e-15   5.41e-15   failed
 3300     81.60 (   1.07)     84.45 (   1.03)     41.60 (   2.10)      5.63 (  15.47)   4.76e-15   5.11e-15   5.52e-15   failed
 3400     81.24 (   1.14)     85.99 (   1.08)     42.24 (   2.19)      5.59 (  16.56)   4.99e-15   4.91e-15   5.40e-15   failed
 3500     83.51 (   1.17)     86.68 (   1.13)     43.52 (   2.25)      5.58 (  17.56)   5.52e-15   5.19e-15   5.35e-15   failed
 3600     86.15 (   1.20)     86.96 (   1.19)     43.86 (   2.37)      7.94 (  13.06)   5.32e-15   4.66e-15   4.84e-15   failed
 3700     86.89 (   1.26)     87.30 (   1.26)     44.48 (   2.46)      8.40 (  13.05)   5.90e-15   5.96e-15   5.50e-15   failed
 3800     88.55 (   1.31)     88.15 (   1.31)     45.73 (   2.53)      8.32 (  13.90)   6.32e-15   6.32e-15   5.75e-15   failed
 3900     87.07 (   1.40)     88.01 (   1.38)     47.38 (   2.57)      8.35 (  14.58)   5.69e-15   5.87e-15   5.85e-15   failed
 4000     87.23 (   1.47)     88.36 (   1.45)     46.94 (   2.73)      7.58 (  16.90)   6.07e-15   6.24e-15   6.19e-15   failed
 4100     87.52 (   1.54)     88.33 (   1.52)     37.67 (   3.57)      7.85 (  17.13)   7.58e-15   6.75e-15   6.77e-15   failed
 4200     88.07 (   1.60)     89.23 (   1.58)     41.55 (   3.40)      8.25 (  17.12)   5.38e-15   5.44e-15   5.83e-15   failed
 4300     89.30 (   1.66)     89.20 (   1.66)     42.70 (   3.47)      8.40 (  17.62)   7.09e-15   7.48e-15   6.85e-15   failed
 4400     90.71 (   1.71)     89.30 (   1.73)     42.42 (   3.65)      8.04 (  19.26)   8.27e-15   8.48e-15   7.80e-15   failed
 4500     90.28 (   1.80)     89.33 (   1.81)     45.28 (   3.58)      8.43 (  19.22)   6.07e-15   6.87e-15   6.12e-15   failed
 4600     91.19 (   1.86)     89.41 (   1.89)     45.53 (   3.72)      8.33 (  20.34)   6.07e-15   5.73e-15   6.42e-15   failed
 4700     92.80 (   1.90)     90.05 (   1.96)     45.66 (   3.87)      8.54 (  20.70)   7.42e-15   9.41e-15   8.83e-15   failed
 4800     92.74 (   1.99)     89.29 (   2.06)     45.55 (   4.05)      6.95 (  26.52)   6.90e-15   7.21e-15   7.61e-15   failed
 4900     91.98 (   2.09)     89.49 (   2.15)     47.22 (   4.07)      8.53 (  22.52)   6.72e-15   7.17e-15   6.81e-15   failed
 5000     92.62 (   2.16)     90.20 (   2.22)     47.63 (   4.20)      8.46 (  23.66)   7.08e-15   6.39e-15   6.63e-15   failed
 5100     93.76 (   2.22)     90.73 (   2.29)     47.86 (   4.35)      8.48 (  24.54)   6.77e-15   7.20e-15   7.69e-15   failed
 5200     94.54 (   2.29)     91.77 (   2.36)     43.47 (   4.98)      8.18 (  26.44)   7.67e-15   7.32e-15   7.63e-15   failed
 5300     94.45 (   2.38)     91.60 (   2.45)     44.28 (   5.08)      8.57 (  26.22)   8.51e-15   8.42e-15   7.62e-15   failed
 5400     95.78 (   2.44)     91.94 (   2.54)     43.81 (   5.33)      8.37 (  27.88)   6.74e-15   7.04e-15   6.80e-15   failed
 5500     95.67 (   2.53)     91.52 (   2.65)     44.36 (   5.46)      8.55 (  28.33)   7.61e-15   7.40e-15   6.95e-15   failed
 5600     97.12 (   2.58)     91.29 (   2.75)     46.51 (   5.40)      7.70 (  32.58)   8.96e-15   8.30e-15   8.46e-15   failed
 5700     98.86 (   2.63)     91.67 (   2.84)     46.12 (   5.64)      8.56 (  30.37)   7.18e-15   8.18e-15   6.99e-15   failed
 5800     97.15 (   2.77)     92.31 (   2.92)     47.35 (   5.69)      8.60 (  31.31)   8.33e-15   7.19e-15   7.67e-15   failed
 5900     97.39 (   2.86)     91.63 (   3.04)     47.63 (   5.85)      8.62 (  32.30)   8.18e-15   9.25e-15   8.50e-15   failed
 6000     99.27 (   2.90)     92.66 (   3.11)     48.69 (   5.92)      8.36 (  34.47)   6.85e-15   7.70e-15   7.40e-15   failed
 6100     98.34 (   3.03)     92.15 (   3.23)     48.68 (   6.12)      8.32 (  35.80)   7.53e-15   7.95e-15   7.67e-15   failed
 6200     99.10 (   3.10)     92.96 (   3.31)     43.80 (   7.02)      8.77 (  35.06)   8.04e-15   7.28e-15   7.09e-15   failed
 6300     99.16 (   3.20)     92.67 (   3.43)     45.00 (   7.06)      8.64 (  36.74)   8.91e-15   8.75e-15   8.88e-15   failed
 6400     98.99 (   3.31)     91.71 (   3.57)     45.70 (   7.17)      8.64 (  37.95)   7.11e-15   7.39e-15   7.25e-15   failed
 6500    100.53 (   3.36)     92.07 (   3.67)     45.77 (   7.39)      8.11 (  41.68)   7.85e-15   8.97e-15   8.12e-15   failed
 6600    100.24 (   3.48)     92.70 (   3.76)     45.52 (   7.66)      8.63 (  40.39)   7.30e-15   7.44e-15   7.23e-15   failed
 6700    100.08 (   3.59)     92.08 (   3.90)     46.94 (   7.65)      8.33 (  43.10)   9.14e-15   9.40e-15   9.01e-15   failed
 6800     99.89 (   3.70)     92.41 (   4.00)     46.87 (   7.89)      8.30 (  44.57)   9.71e-15   9.71e-15   9.50e-15   failed
 6900    100.20 (   3.80)     92.72 (   4.11)     47.01 (   8.10)      8.25 (  46.19)   8.25e-15   8.55e-15   8.49e-15   failed
 7000    100.51 (   3.90)     92.58 (   4.24)     48.37 (   8.11)      8.58 (  45.70)   8.67e-15   7.43e-15   7.18e-15   failed
 7100     99.50 (   4.05)     93.56 (   4.31)     48.75 (   8.27)      8.22 (  49.05)   8.33e-15   8.20e-15   7.80e-15   failed
 7200    101.15 (   4.10)     92.59 (   4.48)     45.01 (   9.21)      8.57 (  48.43)   8.59e-15   7.78e-15   8.09e-15   failed
 7300    102.98 (   4.14)     93.63 (   4.55)     45.49 (   9.37)      7.83 (  54.46)   8.85e-15   7.86e-15   8.49e-15   failed
 7400    102.21 (   4.29)     92.64 (   4.73)     45.72 (   9.58)      8.21 (  53.37)   8.38e-15   8.65e-15   8.61e-15   failed
 7500    103.83 (   4.33)     93.32 (   4.82)     45.07 (   9.99)      8.10 (  55.58)   9.37e-15   9.78e-15   9.40e-15   failed
 7600    104.14 (   4.44)     93.48 (   4.94)     46.66 (   9.91)      8.06 (  57.33)   9.15e-15   8.27e-15   8.71e-15   failed
 7700    102.22 (   4.64)     93.22 (   5.09)     47.43 (  10.00)      7.98 (  59.45)   8.84e-15   8.34e-15   9.13e-15   failed
 7800    102.55 (   4.75)     93.12 (   5.23)     46.95 (  10.37)      7.58 (  64.18)   8.12e-15   9.13e-15   8.24e-15   failed
 7900    103.03 (   4.85)     93.32 (   5.35)     47.35 (  10.55)      7.67 (  65.14)   1.04e-14   1.05e-14   1.02e-14   failed
 8000    103.28 (   4.96)     93.21 (   5.49)     48.22 (  10.62)      7.51 (  68.17)   1.06e-14   9.34e-15   1.04e-14   failed
 8100    104.39 (   5.03)     93.05 (   5.64)     48.42 (  10.84)      7.51 (  69.95)   1.12e-14   1.27e-14   1.19e-14   failed
 8200    103.54 (   5.20)     93.49 (   5.75)     44.13 (  12.19)      7.39 (  72.83)   9.85e-15   9.72e-15   9.66e-15   failed
 8300    105.09 (   5.24)     94.31 (   5.85)     45.41 (  12.14)      7.23 (  76.21)   9.43e-15   9.61e-15   8.37e-15   failed
 8400    104.40 (   5.41)     93.95 (   6.01)     45.43 (  12.43)      7.60 (  74.30)   9.52e-15   9.29e-15   1.09e-14   failed
 8500    103.71 (   5.57)     93.48 (   6.18)     46.69 (  12.38)      7.50 (  77.09)   8.73e-15   9.08e-15   9.32e-15   failed
 8600    104.80 (   5.65)     94.29 (   6.28)     47.48 (  12.47)      7.70 (  76.88)   9.74e-15   1.02e-14   9.12e-15   failed
 8700    103.79 (   5.84)     93.76 (   6.46)     46.31 (  13.08)      7.42 (  81.64)   9.92e-15   9.88e-15   9.97e-15   failed
 8800    104.70 (   5.92)     92.90 (   6.67)     48.09 (  12.89)      7.97 (  77.74)   9.75e-15   9.41e-15   9.49e-15   failed
 8900    105.58 (   6.00)     94.13 (   6.73)     47.02 (  13.48)      8.09 (  78.38)   9.93e-15   9.80e-15   1.04e-14   failed
 9000    105.37 (   6.15)     94.21 (   6.88)     47.84 (  13.55)      8.09 (  80.12)   1.05e-14   1.03e-14   1.03e-14   failed
10000    106.67 (   7.50)     94.23 (   8.49)     47.90 (  16.70)      8.34 (  95.91)   9.28e-15   1.01e-14   9.12e-15   failed
12000    110.03 (  10.47)     93.53 (  12.32)     48.67 (  23.67)      8.28 ( 139.09)   1.42e-14   1.38e-14   1.26e-14   failed
14000    112.51 (  13.94)     95.20 (  16.47)     47.70 (  32.87)      8.44 ( 185.70)   1.34e-14   1.27e-14   1.30e-14   failed
16000    111.07 (  18.44)     94.31 (  21.72)     46.89 (  43.68)      9.01 ( 227.37)   1.32e-14   1.36e-14   1.29e-14   failed
18000    108.35 (  23.92)     94.94 (  27.31)     47.51 (  54.56)      8.41 ( 308.12)   1.44e-14   1.48e-14   1.40e-14   failed
20000    110.84 (  28.87)     94.36 (  33.92)     47.35 (  67.59)      8.33 ( 383.95)   1.64e-14   1.48e-14   1.55e-14   failed
Sun Feb  7 19:13:38 EST 2016

Sun Feb  7 19:13:38 EST 2016
numactl --interleave=all ../testing/testing_zhemv -U -N 123 -N 1234 --range 10:90:1 --range 100:900:10 --range 1000:9000:100 --range 10000:20000:2000
% MAGMA 2.0.0 beta7 compiled for CUDA capability >= 3.5, 64-bit magma_int_t, 64-bit pointer.
% CUDA runtime 7000, driver 7050. OpenMP threads 16. MKL 11.2.2, MKL threads 16. 
% device 0: Tesla K40c, 745.0 MHz clock, 11519.6 MB memory, capability 3.5
% device 1: Tesla K40c, 745.0 MHz clock, 11519.6 MB memory, capability 3.5
% Sun Feb  7 19:13:40 2016
% Usage: ../testing/testing_zhemv [options] [-h|--help]

% uplo = Upper
%   N   MAGMA Gflop/s (ms)    Atomics Gflop/s      CUBLAS Gflop/s       CPU Gflop/s   MAGMA error  Atomics    CUBLAS
%=====================================================================================================================
  123      2.27 (   0.05)      1.94 (   0.06)      1.66 (   0.07)      1.88 (   0.07)   8.11e-16   8.11e-16   8.09e-16   ok
 1234     45.51 (   0.27)     39.08 (   0.31)     30.41 (   0.40)     10.05 (   1.21)   3.58e-15   3.78e-15   3.74e-15   failed
   10      0.03 (   0.03)      0.03 (   0.03)      0.04 (   0.02)      0.48 (   0.00)   7.16e-16   3.66e-16   7.16e-16   ok
   11      0.03 (   0.03)      0.04 (   0.03)      0.05 (   0.02)      0.58 (   0.00)   3.33e-16   2.91e-16   2.28e-16   ok
   12      0.04 (   0.03)      0.04 (   0.03)      0.06 (   0.02)      0.68 (   0.00)   5.78e-16   3.31e-16   2.96e-16   ok
   13      0.05 (   0.03)      0.05 (   0.03)      0.07 (   0.02)      0.79 (   0.00)   3.42e-16   5.51e-16   2.05e-16   ok
   14      0.05 (   0.03)      0.06 (   0.03)      0.08 (   0.02)      0.61 (   0.00)   2.84e-16   2.54e-16   2.84e-16   ok
   15      0.06 (   0.04)      0.07 (   0.03)      0.09 (   0.02)      0.92 (   0.00)   3.74e-16   3.60e-16   3.74e-16   ok
   16      0.07 (   0.03)      0.08 (   0.03)      0.11 (   0.02)      1.17 (   0.00)   3.33e-16   4.44e-16   3.51e-16   ok
   17      0.07 (   0.03)      0.08 (   0.03)      0.11 (   0.02)      1.17 (   0.00)   4.31e-16   2.34e-16   4.31e-16   ok
   18      0.08 (   0.04)      0.09 (   0.03)      0.12 (   0.02)      1.31 (   0.00)   2.79e-16   4.07e-16   4.07e-16   ok
   19      0.09 (   0.03)      0.10 (   0.03)      0.14 (   0.02)      1.09 (   0.00)   4.18e-16   4.18e-16   4.18e-16   ok
   20      0.10 (   0.03)      0.11 (   0.03)      0.15 (   0.02)      1.20 (   0.00)   3.97e-16   5.35e-16   3.97e-16   ok
   21      0.11 (   0.03)      0.12 (   0.03)      0.16 (   0.02)      1.22 (   0.00)   3.49e-16   3.78e-16   3.49e-16   ok
   22      0.12 (   0.04)      0.13 (   0.03)      0.17 (   0.02)      1.33 (   0.00)   5.11e-16   4.91e-16   4.04e-16   ok
   23      0.13 (   0.03)      0.15 (   0.03)      0.19 (   0.02)      1.58 (   0.00)   3.18e-16   5.57e-16   3.09e-16   ok
   24      0.14 (   0.03)      0.16 (   0.03)      0.20 (   0.02)      1.58 (   0.00)   4.68e-16   4.68e-16   3.05e-16   ok
   25      0.16 (   0.03)      0.17 (   0.03)      0.22 (   0.02)      1.85 (   0.00)   4.26e-16   5.68e-16   4.26e-16   ok
   26      0.16 (   0.04)      0.19 (   0.03)      0.23 (   0.03)      2.00 (   0.00)   3.42e-16   4.32e-16   4.58e-16   ok
   27      0.19 (   0.03)      0.20 (   0.03)      0.27 (   0.02)      1.52 (   0.00)   5.43e-16   5.43e-16   3.96e-16   ok
   28      0.20 (   0.03)      0.21 (   0.03)      0.29 (   0.02)      2.13 (   0.00)   4.26e-16   3.83e-16   4.01e-16   ok
   29      0.21 (   0.03)      0.24 (   0.03)      0.29 (   0.02)      1.75 (   0.00)   3.68e-16   3.47e-16   2.88e-16   ok
   30      0.23 (   0.03)      0.25 (   0.03)      0.30 (   0.02)      1.98 (   0.00)   3.35e-16   3.35e-16   5.92e-16   ok
   31      0.24 (   0.03)      0.26 (   0.03)      0.35 (   0.02)      2.11 (   0.00)   4.73e-16   3.44e-16   3.44e-16   ok
   32      0.27 (   0.03)      0.28 (   0.03)      0.37 (   0.02)      2.12 (   0.00)   4.58e-16   4.58e-16   4.58e-16   ok
   33      0.28 (   0.03)      0.21 (   0.04)      0.38 (   0.02)      2.39 (   0.00)   4.81e-16   4.81e-16   4.44e-16   ok
   34      0.29 (   0.03)      0.22 (   0.04)      0.40 (   0.02)      2.38 (   0.00)   7.01e-16   7.01e-16   4.93e-16   ok
   35      0.30 (   0.03)      0.24 (   0.04)      0.42 (   0.02)      2.52 (   0.00)   4.13e-16   4.54e-16   4.19e-16   ok
   36      0.32 (   0.03)      0.26 (   0.04)      0.43 (   0.03)      2.66 (   0.00)   4.22e-16   4.41e-16   6.00e-16   ok
   37      0.34 (   0.03)      0.27 (   0.04)      0.44 (   0.03)      2.28 (   0.01)   4.29e-16   5.81e-16   4.19e-16   ok
   38      0.33 (   0.04)      0.29 (   0.04)      0.48 (   0.03)      2.40 (   0.01)   7.54e-16   7.48e-16   6.27e-16   ok
   39      0.35 (   0.04)      0.29 (   0.04)      0.50 (   0.03)      2.52 (   0.01)   5.47e-16   6.11e-16   6.11e-16   ok
   40      0.37 (   0.04)      0.32 (   0.04)      0.51 (   0.03)      2.65 (   0.01)   6.40e-16   5.02e-16   5.62e-16   ok
   41      0.41 (   0.03)      0.34 (   0.04)      0.54 (   0.03)      2.78 (   0.01)   5.29e-16   5.27e-16   5.21e-16   ok
   42      0.41 (   0.04)      0.35 (   0.04)      0.58 (   0.03)      2.92 (   0.01)   5.15e-16   5.15e-16   3.78e-16   ok
   43      0.45 (   0.03)      0.36 (   0.04)      0.61 (   0.03)      2.57 (   0.01)   5.03e-16   5.03e-16   5.03e-16   ok
   44      0.44 (   0.04)      0.38 (   0.04)      0.62 (   0.03)      2.69 (   0.01)   5.11e-16   4.91e-16   6.46e-16   ok
   45      0.45 (   0.04)      0.40 (   0.04)      0.64 (   0.03)      2.81 (   0.01)   8.50e-16   8.05e-16   8.50e-16   ok
   46      0.50 (   0.04)      0.42 (   0.04)      0.70 (   0.03)      3.67 (   0.00)   5.18e-16   6.29e-16   4.88e-16   ok
   47      0.49 (   0.04)      0.43 (   0.04)      0.70 (   0.03)      2.94 (   0.01)   6.46e-16   7.57e-16   6.06e-16   ok
   48      0.54 (   0.04)      0.46 (   0.04)      0.71 (   0.03)      2.75 (   0.01)   4.97e-16   4.68e-16   5.34e-16   ok
   49      0.56 (   0.04)      0.47 (   0.04)      0.71 (   0.03)      2.86 (   0.01)   7.25e-16   5.80e-16   5.85e-16   ok
   50      0.57 (   0.04)      0.49 (   0.04)      0.74 (   0.03)      2.98 (   0.01)   5.68e-16   5.70e-16   6.03e-16   ok
   51      0.59 (   0.04)      0.51 (   0.04)      0.77 (   0.03)      3.10 (   0.01)   5.74e-16   5.57e-16   5.74e-16   ok
   52      0.62 (   0.04)      0.53 (   0.04)      0.83 (   0.03)      2.83 (   0.01)   7.36e-16   6.83e-16   6.83e-16   ok
   53      0.64 (   0.04)      0.55 (   0.04)      0.86 (   0.03)      2.85 (   0.01)   5.47e-16   4.24e-16   5.36e-16   ok
   54      0.67 (   0.04)      0.56 (   0.04)      0.86 (   0.03)      4.02 (   0.01)   6.87e-16   6.61e-16   6.71e-16   ok
   55      0.66 (   0.04)      0.58 (   0.04)      0.88 (   0.03)      3.16 (   0.01)   5.33e-16   5.52e-16   5.33e-16   ok
   56      0.72 (   0.04)      0.60 (   0.04)      0.92 (   0.03)      4.32 (   0.01)   5.38e-16   4.57e-16   4.57e-16   ok
   57      0.70 (   0.04)      0.62 (   0.04)      0.92 (   0.03)      3.86 (   0.01)   6.71e-16   6.36e-16   5.14e-16   ok
   58      0.73 (   0.04)      0.64 (   0.04)      0.98 (   0.03)      4.63 (   0.01)   7.35e-16   6.93e-16   7.38e-16   ok
   59      0.79 (   0.04)      0.65 (   0.04)      0.99 (   0.03)      3.63 (   0.01)   4.34e-16   4.97e-16   4.93e-16   ok
   60      0.77 (   0.04)      0.67 (   0.04)      1.05 (   0.03)      3.64 (   0.01)   5.30e-16   4.88e-16   4.74e-16   ok
   61      0.78 (   0.04)      0.69 (   0.04)      1.09 (   0.03)      3.76 (   0.01)   8.40e-16   7.81e-16   1.10e-15   ok
   62      0.90 (   0.04)      0.72 (   0.04)      1.13 (   0.03)      4.40 (   0.01)   6.88e-16   6.88e-16   5.84e-16   ok
   63      0.88 (   0.04)      0.76 (   0.04)      1.21 (   0.03)      4.01 (   0.01)   5.64e-16   6.86e-16   4.79e-16   ok
   64      1.08 (   0.03)      0.86 (   0.04)      1.24 (   0.03)      4.85 (   0.01)   5.55e-16   4.97e-16   4.97e-16   ok
   65      0.84 (   0.04)      0.77 (   0.04)      1.15 (   0.03)      4.27 (   0.01)   4.89e-16   6.65e-16   4.89e-16   ok
   66      0.89 (   0.04)      0.76 (   0.05)      1.19 (   0.03)      4.98 (   0.01)   5.62e-16   6.89e-16   4.81e-16   ok
   67      0.92 (   0.04)      0.80 (   0.05)      1.18 (   0.03)      5.13 (   0.01)   6.50e-16   8.55e-16   8.55e-16   ok
   68      0.88 (   0.04)      0.82 (   0.05)      1.26 (   0.03)      5.47 (   0.01)   6.36e-16   5.33e-16   5.22e-16   ok
   69      0.93 (   0.04)      0.83 (   0.05)      1.30 (   0.03)      4.41 (   0.01)   6.51e-16   6.51e-16   6.18e-16   ok
   70      0.95 (   0.04)      0.85 (   0.05)      1.33 (   0.03)      4.42 (   0.01)   6.42e-16   6.11e-16   6.28e-16   ok
   71      0.93 (   0.04)      0.88 (   0.05)      1.37 (   0.03)      4.55 (   0.01)   6.41e-16   6.17e-16   6.33e-16   ok
   72      0.94 (   0.05)      0.90 (   0.05)      1.37 (   0.03)      4.80 (   0.01)   1.01e-15   9.92e-16   7.96e-16   ok
   73      1.01 (   0.04)      0.93 (   0.05)      1.35 (   0.03)      4.80 (   0.01)   9.93e-16   7.85e-16   7.79e-16   ok
   74      1.00 (   0.04)      0.95 (   0.05)      1.44 (   0.03)      4.93 (   0.01)   9.06e-16   8.59e-16   7.92e-16   ok
   75      1.09 (   0.04)      1.00 (   0.05)      1.44 (   0.03)      5.66 (   0.01)   8.00e-16   7.94e-16   7.87e-16   ok
   76      1.10 (   0.04)      1.00 (   0.05)      1.57 (   0.03)      4.71 (   0.01)   7.54e-16   5.91e-16   7.48e-16   ok
   77      1.15 (   0.04)      1.05 (   0.05)      1.56 (   0.03)      4.83 (   0.01)   7.61e-16   7.44e-16   5.61e-16   ok
   78      1.10 (   0.05)      1.06 (   0.05)      1.60 (   0.03)      4.95 (   0.01)   8.15e-16   7.29e-16   7.78e-16   ok
   79      1.24 (   0.04)      1.11 (   0.05)      1.64 (   0.03)      4.64 (   0.01)   7.68e-16   9.04e-16   7.25e-16   ok
   80      1.24 (   0.04)      1.16 (   0.05)      1.74 (   0.03)      3.98 (   0.01)   7.32e-16   6.40e-16   5.62e-16   ok
   81      1.27 (   0.04)      1.16 (   0.05)      1.57 (   0.03)      4.87 (   0.01)   5.70e-16   7.57e-16   7.75e-16   ok
   82      1.31 (   0.04)      1.19 (   0.05)      1.71 (   0.03)      6.05 (   0.01)   6.25e-16   6.93e-16   5.30e-16   ok
   83      1.25 (   0.05)      1.17 (   0.05)      1.69 (   0.03)      5.60 (   0.01)   6.90e-16   7.06e-16   8.56e-16   ok
   84      1.28 (   0.05)      1.22 (   0.05)      1.75 (   0.03)      5.74 (   0.01)   7.80e-16   6.98e-16   5.67e-16   ok
   85      1.31 (   0.05)      1.23 (   0.05)      1.77 (   0.03)      5.36 (   0.01)   7.01e-16   6.70e-16   6.72e-16   ok
   86      1.40 (   0.04)      1.26 (   0.05)      1.83 (   0.03)      5.49 (   0.01)   7.79e-16   8.26e-16   9.95e-16   ok
   87      1.34 (   0.05)      1.29 (   0.05)      1.86 (   0.03)      4.70 (   0.01)   6.98e-16   5.17e-16   5.89e-16   ok
   88      1.43 (   0.04)      1.31 (   0.05)      1.97 (   0.03)      5.75 (   0.01)   1.03e-15   8.43e-16   7.22e-16   ok
   89      1.46 (   0.04)      1.34 (   0.05)      1.90 (   0.03)      5.75 (   0.01)   1.12e-15   8.60e-16   1.01e-15   ok
   90      1.43 (   0.05)      1.32 (   0.05)      2.00 (   0.03)      4.68 (   0.01)   8.14e-16   7.89e-16   7.06e-16   ok
  100      1.76 (   0.05)      1.56 (   0.05)      2.26 (   0.04)      6.81 (   0.01)   1.02e-15   9.10e-16   1.11e-15   ok
  110      2.19 (   0.04)      1.85 (   0.05)      2.45 (   0.04)      6.53 (   0.02)   9.08e-16   7.79e-16   6.53e-16   ok
  120      2.64 (   0.04)      2.24 (   0.05)      3.24 (   0.04)      7.77 (   0.02)   7.58e-16   7.20e-16   7.49e-16   ok
  130      2.73 (   0.05)      2.48 (   0.06)      3.61 (   0.04)      7.97 (   0.02)   1.32e-15   1.11e-15   1.34e-15   ok
  140      2.93 (   0.05)      2.83 (   0.06)      4.05 (   0.04)      7.47 (   0.02)   1.02e-15   8.18e-16   1.02e-15   ok
  150      3.30 (   0.06)      3.09 (   0.06)      4.43 (   0.04)      7.86 (   0.02)   1.14e-15   1.14e-15   9.89e-16   ok
  160      3.69 (   0.06)      3.84 (   0.05)      5.19 (   0.04)      8.94 (   0.02)   1.07e-15   9.57e-16   8.93e-16   ok
  170      4.33 (   0.05)      3.65 (   0.06)      5.43 (   0.04)      8.66 (   0.03)   1.03e-15   1.02e-15   1.02e-15   ok
  180      4.51 (   0.06)      3.96 (   0.07)      5.80 (   0.05)      8.70 (   0.03)   9.99e-16   1.01e-15   9.48e-16   ok
  190      5.20 (   0.06)      4.34 (   0.07)      6.46 (   0.05)      9.39 (   0.03)   1.25e-15   1.06e-15   1.05e-15   ok
  200      5.20 (   0.06)      4.81 (   0.07)      7.01 (   0.05)      9.52 (   0.03)   1.30e-15   1.46e-15   1.28e-15   ok
  210      5.38 (   0.07)      5.30 (   0.07)      7.41 (   0.05)      9.14 (   0.04)   1.03e-15   1.35e-15   1.09e-15   ok
  220      5.82 (   0.07)      5.51 (   0.07)      7.98 (   0.05)      9.51 (   0.04)   9.69e-16   1.17e-15   1.05e-15   ok
  230      6.45 (   0.07)      5.32 (   0.08)      8.67 (   0.05)      9.66 (   0.04)   1.11e-15   1.17e-15   1.11e-15   ok
  240      7.02 (   0.07)      6.19 (   0.07)      9.26 (   0.05)      9.87 (   0.05)   1.28e-15   1.21e-15   1.19e-15   ok
  250      7.73 (   0.07)      6.61 (   0.08)      9.86 (   0.05)      9.90 (   0.05)   1.60e-15   1.38e-15   1.37e-15   ok
  260      7.24 (   0.08)      7.27 (   0.07)     10.05 (   0.05)      9.88 (   0.06)   1.54e-15   1.32e-15   1.32e-15   ok
  270      8.04 (   0.07)      7.93 (   0.07)     10.47 (   0.06)     10.12 (   0.06)   1.34e-15   1.32e-15   1.28e-15   ok
  280      8.19 (   0.08)      7.69 (   0.08)     11.07 (   0.06)     10.17 (   0.06)   1.73e-15   1.77e-15   1.45e-15   ok
  290      9.12 (   0.07)      8.44 (   0.08)     11.44 (   0.06)      9.92 (   0.07)   1.98e-15   2.16e-15   1.96e-15   ok
  300      9.28 (   0.08)      8.72 (   0.08)     12.04 (   0.06)     10.36 (   0.07)   1.36e-15   1.41e-15   1.59e-15   ok
  310      9.91 (   0.08)      8.88 (   0.09)     12.46 (   0.06)     10.03 (   0.08)   1.30e-15   1.47e-15   1.30e-15   ok
  320     10.96 (   0.08)     10.86 (   0.08)     13.28 (   0.06)     10.43 (   0.08)   1.60e-15   1.45e-15   1.43e-15   ok
  330     10.06 (   0.09)      9.74 (   0.09)     13.45 (   0.07)     10.17 (   0.09)   1.72e-15   1.48e-15   1.46e-15   ok
  340     10.70 (   0.09)     10.56 (   0.09)     13.86 (   0.07)     10.33 (   0.09)   1.50e-15   1.34e-15   1.36e-15   ok
  350     11.56 (   0.09)     10.83 (   0.09)     14.90 (   0.07)     10.24 (   0.10)   1.50e-15   1.70e-15   1.50e-15   ok
  360     11.58 (   0.09)     10.62 (   0.10)     14.90 (   0.07)     10.40 (   0.10)   1.56e-15   1.59e-15   1.42e-15   ok
  370     12.23 (   0.09)     11.59 (   0.09)     15.53 (   0.07)     10.36 (   0.11)   2.48e-15   1.92e-15   2.00e-15   ok
  380     13.04 (   0.09)     12.19 (   0.10)     16.32 (   0.07)     10.44 (   0.11)   1.92e-15   1.74e-15   1.67e-15   ok
  390     12.87 (   0.09)     11.21 (   0.11)     16.69 (   0.07)     10.35 (   0.12)   1.90e-15   1.76e-15   1.60e-15   ok
  400     10.13 (   0.13)     12.83 (   0.10)     17.84 (   0.07)     10.63 (   0.12)   1.48e-15   1.43e-15   1.57e-15   ok
  410     13.77 (   0.10)     14.08 (   0.10)     17.80 (   0.08)     10.39 (   0.13)   1.68e-15   1.62e-15   1.58e-15   ok
  420     14.59 (   0.10)     13.50 (   0.10)     18.17 (   0.08)     10.57 (   0.13)   1.97e-15   1.81e-15   1.78e-15   ok
  430     14.55 (   0.10)     13.74 (   0.11)     18.98 (   0.08)     10.61 (   0.14)   1.72e-15   1.67e-15   1.84e-15   ok
  440     15.52 (   0.10)     15.09 (   0.10)     19.69 (   0.08)     10.65 (   0.15)   1.94e-15   1.94e-15   2.08e-15   ok
  450     15.49 (   0.10)     14.66 (   0.11)     19.59 (   0.08)     10.28 (   0.16)   1.97e-15   2.16e-15   1.88e-15   ok
  460     15.45 (   0.11)     16.04 (   0.11)     20.47 (   0.08)     10.76 (   0.16)   1.50e-15   1.51e-15   1.73e-15   ok
  470     15.82 (   0.11)     15.69 (   0.11)     20.83 (   0.09)     10.55 (   0.17)   2.21e-15   2.23e-15   2.19e-15   ok
  480     16.68 (   0.11)     17.43 (   0.11)     21.48 (   0.09)     10.51 (   0.18)   2.12e-15   2.17e-15   2.33e-15   ok
  490     17.34 (   0.11)     15.66 (   0.12)     21.90 (   0.09)     10.65 (   0.18)   2.37e-15   2.62e-15   2.35e-15   ok
  500     17.42 (   0.12)     15.91 (   0.13)     22.03 (   0.09)     10.66 (   0.19)   1.64e-15   1.82e-15   1.61e-15   ok
  510     18.31 (   0.11)     15.80 (   0.13)     22.68 (   0.09)     10.18 (   0.21)   1.58e-15   1.57e-15   1.80e-15   ok
  520     18.05 (   0.12)     16.94 (   0.13)     23.33 (   0.09)     10.38 (   0.21)   1.97e-15   1.97e-15   1.97e-15   ok
  530     18.75 (   0.12)     17.19 (   0.13)     23.51 (   0.10)     10.68 (   0.21)   1.93e-15   1.77e-15   1.59e-15   ok
  540     19.05 (   0.12)     17.84 (   0.13)     24.17 (   0.10)     10.78 (   0.22)   1.88e-15   1.69e-15   1.69e-15   ok
  550     19.42 (   0.12)     15.44 (   0.16)     24.29 (   0.10)     10.68 (   0.23)   2.28e-15   1.88e-15   2.09e-15   ok
  560     20.29 (   0.12)     17.97 (   0.14)     25.18 (   0.10)     10.80 (   0.23)   2.29e-15   2.04e-15   2.04e-15   ok
  570     21.02 (   0.12)     18.10 (   0.14)     25.54 (   0.10)     10.63 (   0.25)   2.59e-15   2.60e-15   2.60e-15   ok
  580     20.58 (   0.13)     19.28 (   0.14)     26.20 (   0.10)     10.84 (   0.25)   2.07e-15   1.96e-15   1.90e-15   ok
  590     21.29 (   0.13)     19.13 (   0.15)     26.55 (   0.11)     10.78 (   0.26)   2.04e-15   2.26e-15   2.01e-15   ok
  600     21.70 (   0.13)     20.77 (   0.14)     27.52 (   0.10)     10.73 (   0.27)   2.09e-15   2.10e-15   1.90e-15   ok
  610     22.43 (   0.13)     20.32 (   0.15)     27.63 (   0.11)     10.66 (   0.28)   2.08e-15   2.15e-15   2.22e-15   ok
  620     22.49 (   0.14)     20.39 (   0.15)     28.54 (   0.11)     10.89 (   0.28)   2.07e-15   2.22e-15   1.89e-15   ok
  630     23.10 (   0.14)     20.54 (   0.15)     28.96 (   0.11)     10.86 (   0.29)   1.82e-15   2.00e-15   1.90e-15   ok
  640     24.69 (   0.13)     22.33 (   0.15)     29.63 (   0.11)     10.94 (   0.30)   1.99e-15   1.80e-15   1.97e-15   ok
  650     23.53 (   0.14)     21.59 (   0.16)     29.73 (   0.11)     10.79 (   0.31)   2.23e-15   2.31e-15   2.46e-15   ok
  660     23.94 (   0.15)     22.10 (   0.16)     30.65 (   0.11)     10.82 (   0.32)   3.14e-15   2.97e-15   2.80e-15   ok
  670     24.79 (   0.15)     23.66 (   0.15)     30.75 (   0.12)     10.74 (   0.33)   2.60e-15   2.74e-15   2.59e-15   ok
  680     24.88 (   0.15)     23.17 (   0.16)     31.93 (   0.12)     10.94 (   0.34)   2.49e-15   2.64e-15   2.47e-15   ok
  690     25.45 (   0.15)     24.78 (   0.15)     32.02 (   0.12)     10.75 (   0.36)   2.49e-15   2.31e-15   2.32e-15   ok
  700     26.03 (   0.15)     24.27 (   0.16)     32.50 (   0.12)     10.94 (   0.36)   2.29e-15   2.48e-15   2.48e-15   ok
  710     26.44 (   0.15)     21.73 (   0.19)     32.91 (   0.12)     10.80 (   0.37)   2.08e-15   2.24e-15   2.05e-15   ok
  720     26.65 (   0.16)     24.18 (   0.17)     33.52 (   0.12)     10.88 (   0.38)   2.46e-15   2.25e-15   2.57e-15   ok
  730     26.70 (   0.16)     24.28 (   0.18)     33.68 (   0.13)     10.87 (   0.39)   2.83e-15   2.65e-15   2.66e-15   ok
  740     27.98 (   0.16)     26.76 (   0.16)     33.23 (   0.13)     10.87 (   0.40)   2.92e-15   2.31e-15   2.31e-15   ok
  750     28.57 (   0.16)     26.52 (   0.17)     33.18 (   0.14)     10.84 (   0.42)   2.43e-15   2.29e-15   2.32e-15   ok
  760     28.60 (   0.16)     25.72 (   0.18)     34.01 (   0.14)     10.90 (   0.42)   3.01e-15   2.86e-15   2.85e-15   ok
  770     28.64 (   0.17)     27.65 (   0.17)     34.67 (   0.14)     10.56 (   0.45)   3.40e-15   3.40e-15   3.11e-15   failed
  780     28.69 (   0.17)     27.87 (   0.17)     35.57 (   0.14)     11.03 (   0.44)   2.62e-15   2.77e-15   2.48e-15   ok
  790     29.76 (   0.17)     28.43 (   0.18)     36.24 (   0.14)     10.97 (   0.46)   2.23e-15   2.41e-15   2.32e-15   ok
  800     29.84 (   0.17)     28.20 (   0.18)     36.65 (   0.14)     10.98 (   0.47)   2.84e-15   2.84e-15   2.99e-15   ok
  810     30.38 (   0.17)     27.99 (   0.19)     36.76 (   0.14)     10.86 (   0.48)   2.89e-15   2.45e-15   2.49e-15   ok
  820     31.35 (   0.17)     29.17 (   0.18)     37.18 (   0.14)     11.00 (   0.49)   2.55e-15   2.65e-15   2.78e-15   ok
  830     32.12 (   0.17)     28.62 (   0.19)     38.34 (   0.14)     10.93 (   0.50)   2.38e-15   2.39e-15   2.51e-15   ok
  840     31.25 (   0.18)     28.71 (   0.20)     36.77 (   0.15)     11.00 (   0.51)   3.80e-15   3.80e-15   3.53e-15   failed
  850     32.34 (   0.18)     29.08 (   0.20)     37.08 (   0.16)     10.88 (   0.53)   2.54e-15   2.41e-15   2.56e-15   ok
  860     32.75 (   0.18)     31.55 (   0.19)     36.78 (   0.16)     11.00 (   0.54)   2.57e-15   2.39e-15   2.41e-15   ok
  870     33.34 (   0.18)     23.51 (   0.26)     39.38 (   0.15)     10.99 (   0.55)   2.61e-15   2.49e-15   2.62e-15   ok
  880     33.94 (   0.18)     32.33 (   0.19)     39.26 (   0.16)     11.01 (   0.56)   2.63e-15   2.60e-15   2.52e-15   ok
  890     34.13 (   0.19)     31.25 (   0.20)     39.68 (   0.16)     10.87 (   0.58)   2.17e-15   2.23e-15   2.20e-15   ok
  900     33.49 (   0.19)     31.36 (   0.21)     40.04 (   0.16)     10.99 (   0.59)   2.92e-15   2.58e-15   2.44e-15   ok
 1000     37.80 (   0.21)     35.45 (   0.23)     43.53 (   0.18)     10.70 (   0.75)   2.75e-15   2.39e-15   2.32e-15   ok
 1100     41.57 (   0.23)     35.79 (   0.27)     28.02 (   0.35)     10.32 (   0.94)   3.10e-15   3.31e-15   3.31e-15   ok
 1200     45.09 (   0.26)     38.34 (   0.30)     30.05 (   0.38)      9.90 (   1.16)   3.27e-15   3.54e-15   3.04e-15   failed
 1300     47.31 (   0.29)     42.30 (   0.32)     31.33 (   0.43)      9.77 (   1.38)   3.71e-15   4.77e-15   4.63e-15   failed
 1400     53.57 (   0.29)     44.33 (   0.35)     32.56 (   0.48)      9.09 (   1.73)   4.06e-15   4.23e-15   4.39e-15   failed
 1500     55.94 (   0.32)     45.06 (   0.40)     36.33 (   0.50)      8.60 (   2.09)   3.79e-15   3.79e-15   4.40e-15   failed
 1600     61.20 (   0.33)     56.94 (   0.36)     38.16 (   0.54)      8.35 (   2.46)   3.87e-15   3.98e-15   3.78e-15   failed
 1700     63.23 (   0.37)     49.77 (   0.46)     40.19 (   0.58)      8.27 (   2.80)   4.07e-15   3.89e-15   3.92e-15   failed
 1800     67.71 (   0.38)     53.47 (   0.49)     42.19 (   0.61)      7.83 (   3.31)   4.04e-15   4.17e-15   4.17e-15   failed
 1900     71.02 (   0.41)     53.83 (   0.54)     43.14 (   0.67)      8.30 (   3.48)   4.44e-15   4.57e-15   4.45e-15   failed
 2000     74.29 (   0.43)     55.32 (   0.58)     44.17 (   0.73)      8.35 (   3.84)   4.12e-15   4.09e-15   4.36e-15   failed
 2100     77.77 (   0.45)     56.84 (   0.62)     35.30 (   1.00)      8.35 (   4.23)   4.33e-15   4.13e-15   3.96e-15   failed
 2200     79.24 (   0.49)     58.63 (   0.66)     37.04 (   1.05)      8.41 (   4.61)   3.99e-15   4.60e-15   4.26e-15   failed
 2300     85.23 (   0.50)     59.80 (   0.71)     39.03 (   1.09)      7.60 (   5.57)   5.14e-15   5.16e-15   5.14e-15   failed
 2400     86.84 (   0.53)     71.39 (   0.65)     39.86 (   1.16)      8.23 (   5.60)   4.63e-15   4.93e-15   4.38e-15   failed
 2500     88.88 (   0.56)     59.28 (   0.84)     41.55 (   1.20)      8.44 (   5.93)   5.48e-15   5.67e-15   5.67e-15   failed
 2600     92.64 (   0.58)     61.71 (   0.88)     41.81 (   1.29)      8.46 (   6.40)   6.89e-15   6.86e-15   6.85e-15   failed
 2700     93.67 (   0.62)     63.08 (   0.93)     42.98 (   1.36)      8.37 (   6.98)   5.06e-15   5.02e-15   5.08e-15   failed
 2800     97.30 (   0.64)     64.77 (   0.97)     40.78 (   1.54)      8.50 (   7.39)   5.39e-15   5.55e-15   4.89e-15   failed
 2900    100.48 (   0.67)     63.39 (   1.06)     45.92 (   1.47)      8.50 (   7.92)   5.04e-15   5.06e-15   5.35e-15   failed
 3000    106.88 (   0.67)     65.73 (   1.10)     47.39 (   1.52)      8.56 (   8.41)   5.21e-15   5.16e-15   5.08e-15   failed
 3100    110.33 (   0.70)     64.15 (   1.20)     38.99 (   1.97)      8.58 (   8.97)   6.08e-15   5.41e-15   5.52e-15   failed
 3200    111.83 (   0.73)     84.42 (   0.97)     40.55 (   2.02)      9.40 (   8.71)   5.40e-15   5.55e-15   5.56e-15   failed
 3300    114.06 (   0.76)     66.99 (   1.30)     41.19 (   2.12)      8.60 (  10.14)   5.67e-15   6.10e-15   5.81e-15   failed
 3400    116.08 (   0.80)     67.44 (   1.37)     42.76 (   2.16)      8.61 (  10.74)   6.46e-15   6.11e-15   5.92e-15   failed
 3500    120.77 (   0.81)     68.14 (   1.44)     44.02 (   2.23)      8.48 (  11.56)   6.11e-15   5.59e-15   5.52e-15   failed
 3600    122.58 (   0.85)     69.43 (   1.49)     44.63 (   2.32)      8.60 (  12.06)   5.81e-15   5.82e-15   6.10e-15   failed
 3700    124.34 (   0.88)     71.06 (   1.54)     44.85 (   2.44)      8.50 (  12.90)   5.44e-15   5.65e-15   5.67e-15   failed
 3800    127.26 (   0.91)     72.17 (   1.60)     46.28 (   2.50)      8.56 (  13.51)   6.23e-15   6.12e-15   6.00e-15   failed
 3900    127.86 (   0.95)     69.05 (   1.76)     47.13 (   2.58)      8.35 (  14.57)   5.81e-15   6.08e-15   5.63e-15   failed
 4000    125.40 (   1.02)     89.42 (   1.43)     46.87 (   2.73)      8.53 (  15.01)   6.16e-15   6.28e-15   6.14e-15   failed
 4100    118.74 (   1.13)     69.89 (   1.92)     39.96 (   3.37)      7.88 (  17.07)   6.16e-15   6.89e-15   6.55e-15   failed
 4200    119.93 (   1.18)     72.32 (   1.95)     41.06 (   3.44)      8.52 (  16.57)   7.28e-15   6.54e-15   6.54e-15   failed
 4300    123.02 (   1.20)     71.07 (   2.08)     42.00 (   3.52)      8.52 (  17.36)   6.06e-15   6.35e-15   6.19e-15   failed
 4400    123.45 (   1.26)     73.15 (   2.12)     43.15 (   3.59)      8.56 (  18.11)   6.31e-15   6.39e-15   6.12e-15   failed
 4500    122.96 (   1.32)     73.50 (   2.20)     44.37 (   3.65)      8.59 (  18.86)   6.75e-15   6.53e-15   6.80e-15   failed
 4600    124.32 (   1.36)     73.46 (   2.31)     45.99 (   3.68)      8.60 (  19.70)   6.95e-15   7.40e-15   7.18e-15   failed
 4700    122.51 (   1.44)     75.13 (   2.35)     47.08 (   3.76)      8.67 (  20.40)   6.19e-15   6.62e-15   6.40e-15   failed
 4800    123.08 (   1.50)     93.44 (   1.97)     46.15 (   3.99)      8.75 (  21.08)   7.21e-15   6.83e-15   7.02e-15   failed
 4900    122.94 (   1.56)     72.59 (   2.65)     47.08 (   4.08)      8.72 (  22.04)   8.24e-15   7.80e-15   7.80e-15   failed
 5000    121.91 (   1.64)     74.09 (   2.70)     48.51 (   4.12)      8.79 (  22.75)   7.47e-15   7.83e-15   7.48e-15   failed
 5100    123.90 (   1.68)     75.27 (   2.77)     49.69 (   4.19)      8.75 (  23.80)   8.39e-15   8.64e-15   8.41e-15   failed
 5200    123.23 (   1.76)     75.03 (   2.88)     44.16 (   4.90)      8.76 (  24.71)   8.76e-15   8.93e-15   8.58e-15   failed
 5300    123.78 (   1.82)     74.62 (   3.01)     44.22 (   5.08)      8.77 (  25.64)   8.93e-15   8.59e-15   8.95e-15   failed
 5400    122.48 (   1.91)     74.60 (   3.13)     44.18 (   5.28)      8.73 (  26.73)   7.28e-15   7.42e-15   7.64e-15   failed
 5500    123.07 (   1.97)     76.99 (   3.14)     45.11 (   5.37)      8.70 (  27.84)   7.53e-15   6.95e-15   7.25e-15   failed
 5600    125.41 (   2.00)     98.53 (   2.55)     45.94 (   5.46)      8.69 (  28.87)   8.12e-15   8.45e-15   8.29e-15   failed
 5700    124.51 (   2.09)     76.33 (   3.41)     46.50 (   5.59)      8.76 (  29.69)   8.20e-15   8.11e-15   8.22e-15   failed
 5800    124.91 (   2.16)     75.87 (   3.55)     47.53 (   5.66)      8.67 (  31.03)   9.28e-15   8.33e-15   9.11e-15   failed
 5900    124.85 (   2.23)     76.86 (   3.62)     47.89 (   5.82)      8.78 (  31.73)   7.88e-15   7.56e-15   7.35e-15   failed
 6000    127.01 (   2.27)     76.88 (   3.75)     49.86 (   5.78)      8.36 (  34.48)   7.60e-15   7.88e-15   7.89e-15   failed
 6100    126.06 (   2.36)     77.08 (   3.86)     49.58 (   6.01)      8.55 (  34.81)   8.49e-15   9.36e-15   8.75e-15   failed
 6200    128.07 (   2.40)     77.78 (   3.95)     44.62 (   6.89)      8.44 (  36.44)   7.79e-15   7.88e-15   7.82e-15   failed
 6300    127.85 (   2.48)     76.00 (   4.18)     45.47 (   6.98)      8.81 (  36.04)   8.40e-15   8.02e-15   8.86e-15   failed
 6400    130.99 (   2.50)    100.48 (   3.26)     45.48 (   7.21)      9.22 (  35.54)   8.53e-15   8.69e-15   9.12e-15   failed
 6500    129.29 (   2.61)     78.02 (   4.33)     45.39 (   7.45)      8.67 (  38.98)   7.96e-15   7.22e-15   8.21e-15   failed
 6600    128.20 (   2.72)     78.97 (   4.41)     46.19 (   7.55)      8.37 (  41.64)   8.75e-15   9.98e-15   9.18e-15   failed
 6700    129.35 (   2.78)     79.03 (   4.54)     46.43 (   7.74)      8.74 (  41.11)   7.78e-15   7.94e-15   7.79e-15   failed
 6800    129.88 (   2.85)     77.61 (   4.77)     46.58 (   7.94)      8.71 (  42.46)   9.95e-15   1.02e-14   9.64e-15   failed
 6900    132.60 (   2.87)     77.75 (   4.90)     47.45 (   8.03)      8.73 (  43.62)   8.70e-15   8.51e-15   8.58e-15   failed
 7000    130.96 (   2.99)     78.26 (   5.01)     48.39 (   8.10)      8.29 (  47.29)   9.23e-15   8.75e-15   8.67e-15   failed
 7100    131.65 (   3.06)     78.31 (   5.15)     49.28 (   8.19)      8.29 (  48.67)   7.97e-15   8.42e-15   7.83e-15   failed
 7200    132.78 (   3.12)    102.98 (   4.03)     45.35 (   9.15)      8.14 (  50.94)   7.83e-15   8.23e-15   8.72e-15   failed
 7300    132.80 (   3.21)     79.19 (   5.38)     44.94 (   9.49)      7.82 (  54.51)   9.41e-15   9.67e-15   9.07e-15   failed
 7400    132.62 (   3.30)     79.55 (   5.51)     45.54 (   9.62)      8.17 (  53.61)   7.64e-15   7.70e-15   8.69e-15   failed
 7500    134.81 (   3.34)     79.02 (   5.70)     45.93 (   9.80)      8.08 (  55.71)   8.08e-15   8.51e-15   8.18e-15   failed
 7600    134.43 (   3.44)     79.45 (   5.82)     47.22 (   9.79)      8.09 (  57.16)   8.45e-15   8.41e-15   8.30e-15   failed
 7700    134.17 (   3.54)     78.14 (   6.07)     46.73 (  10.15)      8.06 (  58.88)   8.20e-15   8.11e-15   8.77e-15   failed
 7800    135.30 (   3.60)     78.70 (   6.19)     48.05 (  10.13)      7.72 (  63.08)   8.40e-15   8.81e-15   8.77e-15   failed
 7900    135.85 (   3.68)     79.45 (   6.29)     48.20 (  10.36)      7.70 (  64.87)   9.47e-15   9.87e-15   9.62e-15   failed
 8000    136.27 (   3.76)    107.74 (   4.75)     48.32 (  10.60)      7.69 (  66.61)   9.00e-15   8.96e-15   9.01e-15   failed
 8100    135.13 (   3.89)     78.97 (   6.65)     48.21 (  10.89)      7.51 (  69.86)   8.90e-15   9.06e-15   9.18e-15   failed
 8200    132.88 (   4.05)     78.76 (   6.83)     45.51 (  11.82)      7.37 (  73.03)   9.72e-15   8.68e-15   9.05e-15   failed
 8300    135.70 (   4.06)     80.81 (   6.82)     45.79 (  12.04)      7.29 (  75.65)   9.44e-15   9.66e-15   9.65e-15   failed
 8400    133.21 (   4.24)     80.84 (   6.98)     46.11 (  12.24)      7.59 (  74.38)   8.45e-15   8.24e-15   8.49e-15   failed
 8500    135.04 (   4.28)     80.91 (   7.14)     46.16 (  12.52)      7.63 (  75.79)   8.87e-15   9.55e-15   9.26e-15   failed
 8600    133.53 (   4.43)     81.05 (   7.30)     46.93 (  12.61)      7.72 (  76.69)   1.07e-14   1.17e-14   1.10e-14   failed
 8700    134.76 (   4.49)     81.66 (   7.42)     47.86 (  12.65)      7.59 (  79.79)   9.70e-15   9.67e-15   9.05e-15   failed
 8800    132.94 (   4.66)    108.00 (   5.74)     48.36 (  12.81)      8.02 (  77.27)   9.47e-15   9.71e-15   9.18e-15   failed
 8900    133.91 (   4.73)     80.20 (   7.90)     47.01 (  13.48)      8.14 (  77.84)   1.21e-14   1.29e-14   1.17e-14   failed
 9000    133.66 (   4.85)     81.75 (   7.93)     48.24 (  13.43)      8.16 (  79.46)   9.94e-15   9.76e-15   1.00e-14   failed
10000    133.73 (   5.98)     81.51 (   9.82)     48.79 (  16.40)      8.47 (  94.42)   1.00e-14   1.21e-14   1.12e-14   failed
12000    134.57 (   8.56)    110.76 (  10.40)     48.00 (  24.00)      8.32 ( 138.49)   1.21e-14   1.22e-14   1.28e-14   failed
14000    130.07 (  12.06)     82.60 (  18.99)     47.31 (  33.15)      8.54 ( 183.66)   1.34e-14   1.31e-14   1.34e-14   failed
16000    127.94 (  16.01)    112.71 (  18.17)     47.62 (  43.01)      8.88 ( 230.69)   1.39e-14   1.28e-14   1.23e-14   failed
18000    124.97 (  20.74)     84.81 (  30.57)     47.48 (  54.60)      7.85 ( 330.42)   1.60e-14   1.45e-14   1.56e-14   failed
20000    122.15 (  26.20)    116.89 (  27.38)     46.89 (  68.25)      8.45 ( 378.62)   1.66e-14   1.67e-14   1.80e-14   failed
Sun Feb  7 19:16:31 EST 2016
